{
  "advancedEditorSelectedIdentifier" : "ProjectBrowser",
  "openSceneRelativePaths" : [
    "CollisionLabs.usda"
  ],
  "recentIdentifiers" : {
    "04966C20-2723-4378-BCAD-327CAD4E36CF" : [

    ],
    "4629C9E9-26E2-4EAC-A682-1E379211B1A8" : [

    ],
    "4EA577E8-CF08-4F6B-8090-61CB20667042" : [

    ],
    "600AEC97-5E5E-45BD-ADD1-EEDE58FCC8ED" : [

    ],
    "61A7FA42-C29D-4B9E-9A5C-7E857895FAA7" : [

    ],
    "778FA43A-6A2D-424F-B03A-A6861C0B3F6C" : [

    ],
    "7CCDFE09-BCF8-4A48-99D6-A1740674C1D0" : [

    ],
    "96ADE60A-91E0-421B-B07E-724131EAECB0" : [

    ],
    "A72E7856-797B-4E44-AAE6-A7A3C948CBC4" : [

    ],
    "AE94BE0E-4164-40A7-B2A3-B2F32F073A3A" : [

    ],
    "CB436AE6-DE73-445D-83B2-F22373E6F73A" : [

    ],
    "DF287A2A-5B5F-4F10-85D9-721B72452257" : [

    ]
  },
  "sceneCameraHistory" : {
    "4629C9E9-26E2-4EAC-A682-1E379211B1A8" : [
      {
        "date" : 757420894.646689,
        "title" : "Untitled",
        "transform" : [
          0.99997896,
          -2.9709074e-10,
          -0.0064824484,
          0,
          -0.0053369305,
          0.5676219,
          -0.82327205,
          0,
          0.00367958,
          0.82328933,
          0.56760997,
          0,
          0.00013029575,
          0.10762215,
          0.029786676,
          1
        ]
      },
      {
        "date" : 757420791.056145,
        "title" : "Untitled",
        "transform" : [
          0.99997896,
          -5.299214e-10,
          -0.0064824484,
          0,
          -0.00533693,
          0.5676219,
          -0.82327205,
          0,
          0.0036795803,
          0.82328933,
          0.56760997,
          0,
          -0.31480002,
          1.2381107,
          -0.15106635,
          1
        ]
      },
      {
        "date" : 757419924.389263,
        "title" : "Untitled",
        "transform" : [
          0.999979,
          -4.6813053e-10,
          -0.0064824484,
          0,
          -0.0053369305,
          0.5676219,
          -0.82327205,
          0,
          0.00367958,
          0.82328933,
          0.56760997,
          0,
          0.00020002358,
          0.07303207,
          0.045680296,
          1
        ]
      },
      {
        "date" : 757419921.75182,
        "title" : "Untitled",
        "transform" : [
          0.999979,
          -4.6813053e-10,
          -0.0064824484,
          0,
          -0.0053369305,
          0.5676219,
          -0.82327205,
          0,
          0.00367958,
          0.82328933,
          0.56760997,
          0,
          6.521493e-05,
          0.023811102,
          0.014893431,
          1
        ]
      },
      {
        "date" : 757419706.82353,
        "title" : "Untitled",
        "transform" : [
          0.999979,
          -4.106423e-10,
          -0.006482449,
          0,
          -0.005336889,
          0.5676218,
          -0.8232721,
          0,
          0.003679526,
          0.8232894,
          0.5676099,
          0,
          -0.10026924,
          1.298744,
          0.044818282,
          1
        ]
      },
      {
        "date" : 757419701.397706,
        "title" : "Untitled",
        "transform" : [
          0.999979,
          -4.106423e-10,
          -0.006482449,
          0,
          -0.005336889,
          0.5676218,
          -0.8232721,
          0,
          0.0036795265,
          0.8232895,
          0.56760997,
          0,
          -0.14518966,
          1.3097181,
          0.029191941,
          1
        ]
      },
      {
        "date" : 757419685.2059,
        "title" : "Untitled",
        "transform" : [
          0.9799176,
          -4.089769e-10,
          -0.1994032,
          0,
          -0.15782972,
          0.6111553,
          -0.7756152,
          0,
          0.12186627,
          0.79151076,
          0.59888184,
          0,
          -0.0816111,
          1.2914727,
          0.006013125,
          1
        ]
      },
      {
        "date" : 757419680.344738,
        "title" : "Untitled",
        "transform" : [
          0.9799176,
          -4.089769e-10,
          -0.1994032,
          0,
          -0.15782972,
          0.6111553,
          -0.7756152,
          0,
          0.12186627,
          0.79151076,
          0.59888184,
          0,
          -0.49327374,
          1.3275514,
          0.04209912,
          1
        ]
      },
      {
        "date" : 757419078.473834,
        "title" : "Untitled",
        "transform" : [
          0.8640293,
          -6.850769e-10,
          -0.5034416,
          0,
          -0.36152434,
          0.6959339,
          -0.62046456,
          0,
          0.35036203,
          0.7181059,
          0.6013073,
          0,
          0.007814661,
          1.2566011,
          -0.050254524,
          1
        ]
      },
      {
        "date" : 757419047.271882,
        "title" : "Untitled",
        "transform" : [
          0.8640293,
          -6.850769e-10,
          -0.5034416,
          0,
          -0.36152434,
          0.6959339,
          -0.62046456,
          0,
          0.35036203,
          0.7181059,
          0.6013073,
          0,
          0.10327545,
          1.2377794,
          -0.083398744,
          1
        ]
      }
    ],
    "4EA577E8-CF08-4F6B-8090-61CB20667042" : [
      {
        "date" : 751842275.490995,
        "title" : "Untitled",
        "transform" : [
          0.99996895,
          -0.00043677675,
          -0.007867536,
          0,
          -0.0036516206,
          0.8590868,
          -0.51181674,
          0,
          0.0069824457,
          0.5118296,
          0.85905856,
          0,
          0,
          0.8320426,
          1.4370507,
          1
        ]
      },
      {
        "date" : 751841169.375382,
        "title" : "Untitled",
        "transform" : [
          0.99999994,
          0,
          -0,
          0,
          -0,
          0.8590841,
          -0.51183426,
          0,
          0,
          0.51183426,
          0.8590841,
          0,
          0,
          0.8320426,
          1.4370507,
          1
        ]
      }
    ],
    "600AEC97-5E5E-45BD-ADD1-EEDE58FCC8ED" : [
      {
        "date" : 763329659.88879,
        "title" : "Untitled",
        "transform" : [
          0.9846536,
          -3.2979228e-09,
          -0.17452027,
          0,
          -0.11240006,
          0.7649819,
          -0.6341679,
          0,
          0.13350488,
          0.6440517,
          0.75324225,
          0,
          0.28670457,
          0.86243093,
          0.6543299,
          1
        ]
      },
      {
        "date" : 763326407.276617,
        "title" : "Untitled",
        "transform" : [
          0.99291116,
          -2.9034026e-09,
          0.11885894,
          0,
          0.032658253,
          0.96151155,
          -0.27281678,
          0,
          -0.11428424,
          0.27476442,
          0.9546956,
          0,
          0.00582029,
          0.44425565,
          0.8720922,
          1
        ]
      },
      {
        "date" : 763326400.550107,
        "title" : "Untitled",
        "transform" : [
          0.9999942,
          -5.5477276e-09,
          0.0033720254,
          0,
          -0.00013802368,
          0.99916154,
          0.04094054,
          0,
          -0.0033691907,
          -0.040940903,
          0.9991559,
          0,
          0.08319049,
          0.21886277,
          0.93344057,
          1
        ]
      },
      {
        "date" : 763325555.010483,
        "title" : "Untitled",
        "transform" : [
          0.9649154,
          -5.6004383e-09,
          0.26256067,
          0,
          0.05709835,
          0.9760676,
          -0.2098374,
          0,
          -0.256277,
          0.21746701,
          0.9418228,
          0,
          -0.097022116,
          0.40430516,
          0.88281864,
          1
        ]
      },
      {
        "date" : 763325487.155824,
        "title" : "Untitled",
        "transform" : [
          0.9963867,
          -5.6461875e-09,
          0.08493358,
          0,
          0.025770295,
          0.9528579,
          -0.3023203,
          0,
          -0.08092963,
          0.30341652,
          0.9494149,
          0,
          0.06405769,
          0.4772288,
          0.81979877,
          1
        ]
      },
      {
        "date" : 763325480.060455,
        "title" : "Untitled",
        "transform" : [
          0.9930239,
          -4.907892e-09,
          -0.11791419,
          0,
          -0.0035763122,
          0.9995399,
          -0.030118508,
          0,
          0.117859915,
          0.030329956,
          0.9925669,
          0,
          0.19645853,
          0.29575992,
          0.8667565,
          1
        ]
      },
      {
        "date" : 763325474.62958,
        "title" : "Untitled",
        "transform" : [
          0.9981988,
          -4.885961e-09,
          -0.059993394,
          0,
          -0.003613354,
          0.9981845,
          -0.060121328,
          0,
          0.059884448,
          0.060229674,
          0.9963866,
          0,
          0.15699995,
          0.31618038,
          0.8708944,
          1
        ]
      },
      {
        "date" : 763325455.892332,
        "title" : "Untitled",
        "transform" : [
          0.9768386,
          -5.9869434e-09,
          -0.21397762,
          0,
          -0.10296783,
          0.87660617,
          -0.47006312,
          0,
          0.18757407,
          0.48120844,
          0.85630274,
          0,
          0.22993048,
          0.59056926,
          0.70536613,
          1
        ]
      },
      {
        "date" : 763325047.97285,
        "title" : "Untitled",
        "transform" : [
          0.97683847,
          -5.9869425e-09,
          -0.21397759,
          0,
          -0.10296783,
          0.87660617,
          -0.47006312,
          0,
          0.18757407,
          0.48120844,
          0.85630274,
          0,
          0.19627622,
          0.59056926,
          0.71273816,
          1
        ]
      },
      {
        "date" : 763325026.239628,
        "title" : "Untitled",
        "transform" : [
          0.98665625,
          -6.2303003e-09,
          0.16281685,
          0,
          0.051973514,
          0.94768256,
          -0.3149549,
          0,
          -0.1542987,
          0.3192143,
          0.93503696,
          0,
          -0.16292526,
          0.42073354,
          0.76535386,
          1
        ]
      }
    ],
    "61A7FA42-C29D-4B9E-9A5C-7E857895FAA7" : [
      {
        "date" : 752498230.70831,
        "title" : "Untitled",
        "transform" : [
          0.9822548,
          3.3943124e-09,
          -0.18755138,
          0,
          -0.09223509,
          0.87071633,
          -0.48305887,
          0,
          0.16330406,
          0.49178565,
          0.8552653,
          0,
          0.41230258,
          1.2792184,
          2.1593347,
          1
        ]
      }
    ],
    "778FA43A-6A2D-424F-B03A-A6861C0B3F6C" : [
      {
        "date" : 759760523.86899,
        "title" : "Untitled",
        "transform" : [
          1,
          0,
          0,
          0,
          0,
          1,
          0,
          0,
          0,
          0,
          1,
          0,
          -1.4901161e-08,
          0.3025,
          1.2136164,
          1
        ]
      },
      {
        "date" : 759760521.911363,
        "title" : "Untitled",
        "transform" : [
          1,
          0,
          0,
          0,
          0,
          1,
          0,
          0,
          0,
          0,
          1,
          0,
          -0.17995025,
          0.5173724,
          2.0782702,
          1
        ]
      },
      {
        "date" : 759760375.644741,
        "title" : "Untitled",
        "transform" : [
          0.19449632,
          -2.8016167e-10,
          -0.98090327,
          0,
          -0.25852472,
          0.96464366,
          -0.051261082,
          0,
          0.94622195,
          0.2635577,
          0.18761988,
          0,
          0.7113715,
          0.59927475,
          0.31026816,
          1
        ]
      },
      {
        "date" : 759760368.84917,
        "title" : "Untitled",
        "transform" : [
          -0.6169425,
          -2.5110372e-09,
          -0.7870082,
          0,
          0.018379617,
          0.9997273,
          -0.014408019,
          0,
          0.7867937,
          -0.02335391,
          -0.61677396,
          0,
          1.1483164,
          0.33920768,
          -0.5578039,
          1
        ]
      },
      {
        "date" : 759760365.050231,
        "title" : "Untitled",
        "transform" : [
          0.4686774,
          -4.396213e-09,
          -0.88336945,
          0,
          -0.024165902,
          0.9996258,
          -0.012821445,
          0,
          0.8830387,
          0.027356453,
          0.46850216,
          0,
          0.621603,
          0.39039108,
          0.5929705,
          1
        ]
      },
      {
        "date" : 759760343.078437,
        "title" : "Untitled",
        "transform" : [
          -0.18366551,
          2.2229854e-09,
          -0.98298883,
          0,
          -0.2245913,
          0.9735491,
          0.041963466,
          0,
          0.9569879,
          0.2284779,
          -0.17880723,
          0,
          1.0521518,
          0.59123194,
          0.0010362928,
          1
        ]
      },
      {
        "date" : 759760340.737502,
        "title" : "Untitled",
        "transform" : [
          -0.1673156,
          2.8481983e-09,
          -0.9859034,
          0,
          -0.16361788,
          0.9861329,
          0.027767185,
          0,
          0.97223186,
          0.16595724,
          -0.16499524,
          0,
          1.0870713,
          0.5241163,
          0.0125556635,
          1
        ]
      },
      {
        "date" : 759760338.525466,
        "title" : "Untitled",
        "transform" : [
          -0.40160337,
          2.8688847e-09,
          -0.91581374,
          0,
          -0.14450563,
          0.9874728,
          0.06336866,
          0,
          0.9043413,
          0.15778925,
          -0.39657226,
          0,
          1.0615529,
          0.5152448,
          -0.25339276,
          1
        ]
      },
      {
        "date" : 759760324.232894,
        "title" : "Untitled",
        "transform" : [
          0.98573184,
          -3.2733688e-10,
          -0.16832337,
          0,
          -0.066169016,
          0.91949284,
          -0.38749787,
          0,
          0.15477203,
          0.3931068,
          0.9063734,
          0,
          -0.03722618,
          0.7608613,
          0.93610036,
          1
        ]
      },
      {
        "date" : 759759597.311781,
        "title" : "Untitled",
        "transform" : [
          0.9447611,
          -4.4527315e-10,
          -0.3277599,
          0,
          -0.19719367,
          0.798767,
          -0.5684067,
          0,
          0.2618037,
          0.6016407,
          0.75464386,
          0,
          0.07200046,
          0.966707,
          0.8002377,
          1
        ]
      }
    ],
    "7CCDFE09-BCF8-4A48-99D6-A1740674C1D0" : [
      {
        "date" : 755822852.296031,
        "title" : "Untitled",
        "transform" : [
          0.9993717,
          -1.788361e-10,
          0.035442773,
          0,
          0.011007467,
          0.9505505,
          -0.310375,
          0,
          -0.03369012,
          0.3105702,
          0.94995326,
          0,
          -0.048555803,
          1.3822674,
          1.906775,
          1
        ]
      },
      {
        "date" : 755822838.531648,
        "title" : "Untitled",
        "transform" : [
          0.99997777,
          -3.410983e-10,
          -0.0066663213,
          0,
          -0.0041358043,
          0.7842834,
          -0.6203889,
          0,
          0.0052283076,
          0.6204028,
          0.784266,
          0,
          0.027794674,
          1.9570242,
          1.3107611,
          1
        ]
      },
      {
        "date" : 755822835.413188,
        "title" : "Untitled",
        "transform" : [
          0.9999779,
          -3.4109832e-10,
          -0.0066663222,
          0,
          -0.0041358043,
          0.7842834,
          -0.6203889,
          0,
          0.0052283076,
          0.6204028,
          0.784266,
          0,
          0.07452257,
          1.46839,
          1.6969895,
          1
        ]
      },
      {
        "date" : 755822827.879116,
        "title" : "Untitled",
        "transform" : [
          0.9895956,
          -3.6618308e-10,
          -0.14387746,
          0,
          -0.054817148,
          0.9245756,
          -0.37703478,
          0,
          0.1330256,
          0.38099888,
          0.91495585,
          0,
          0.3554291,
          0.9454041,
          2.0053372,
          1
        ]
      },
      {
        "date" : 755820970.670183,
        "title" : "Untitled",
        "transform" : [
          1,
          0,
          0,
          0,
          0,
          0.7071069,
          -0.70710677,
          0,
          0,
          0.70710677,
          0.7071069,
          0,
          0.005657196,
          1.8688024,
          1.7887782,
          1
        ]
      }
    ],
    "86267924-5EE8-41B2-A8EC-94F3C25DD567" : [
      {
        "date" : 758115100.911969,
        "title" : "Untitled",
        "transform" : [
          0.99815255,
          2.0231994e-08,
          0.060757313,
          0,
          0.0311786,
          0.8582891,
          -0.5122184,
          0,
          -0.052147396,
          0.5131664,
          0.85670346,
          0,
          0.52217716,
          2.695587,
          2.502421,
          1
        ]
      },
      {
        "date" : 758115097.219562,
        "title" : "Untitled",
        "transform" : [
          0.613845,
          2.1555966e-08,
          -0.7894266,
          0,
          -0.058931645,
          0.9972097,
          -0.04582424,
          0,
          0.7872239,
          0.07465119,
          0.6121322,
          0,
          3.1067023,
          1.3064339,
          1.562882,
          1
        ]
      },
      {
        "date" : 758115090.03821,
        "title" : "Untitled",
        "transform" : [
          0.6138449,
          1.4380014e-08,
          -0.7894267,
          0,
          -0.05893162,
          0.9972097,
          -0.04582428,
          0,
          0.787224,
          0.07465117,
          0.61213213,
          0,
          0.8627261,
          0.10266366,
          -0.18818742,
          1
        ]
      },
      {
        "date" : 758115085.077901,
        "title" : "Untitled",
        "transform" : [
          0.8484822,
          2.9087879e-08,
          -0.52922404,
          0,
          -0.5289017,
          0.03489957,
          -0.8479653,
          0,
          0.018469695,
          0.99939084,
          0.029611655,
          0,
          0.7654446,
          3.5353692,
          0.16994369,
          1
        ]
      }
    ],
    "8D6C6740-C961-4F60-8D1A-50E5627793EC" : [
      {
        "date" : 756489784.884936,
        "title" : "Untitled",
        "transform" : [
          0.5855075,
          2.6063607e-09,
          -0.810667,
          0,
          -0.6302119,
          0.6290076,
          -0.4551731,
          0,
          0.5099156,
          0.7773992,
          0.36828867,
          0,
          1.3187948,
          2.0105877,
          0.9525049,
          1
        ]
      }
    ],
    "96ADE60A-91E0-421B-B07E-724131EAECB0" : [
      {
        "date" : 762459451.881123,
        "title" : "Untitled",
        "transform" : [
          0.8540622,
          -7.0392314e-09,
          -0.52017105,
          0,
          -0.22463006,
          0.90195066,
          -0.36881742,
          0,
          0.46916854,
          0.4318392,
          0.7703219,
          0,
          0.036937788,
          0.31673953,
          1.227016,
          1
        ]
      },
      {
        "date" : 762459441.81108,
        "title" : "Untitled",
        "transform" : [
          0.95689493,
          -4.217439e-09,
          -0.29043433,
          0,
          -0.1641687,
          0.82491773,
          -0.5408875,
          0,
          0.23958439,
          0.56525284,
          0.7893596,
          0,
          -0.2620532,
          0.45811865,
          1.122753,
          1
        ]
      },
      {
        "date" : 762459418.944455,
        "title" : "Untitled",
        "transform" : [
          0.95987344,
          -4.9936695e-09,
          0.28043336,
          0,
          0.12868881,
          0.88849187,
          -0.44047862,
          0,
          -0.24916276,
          0.4588925,
          0.8528397,
          0,
          -0.57804525,
          0.16602407,
          0.42250508,
          1
        ]
      },
      {
        "date" : 762459407.944799,
        "title" : "Untitled",
        "transform" : [
          0.9697103,
          -1.94858e-09,
          -0.24425763,
          0,
          -0.15558282,
          0.770895,
          -0.6176689,
          0,
          0.18829693,
          0.63696235,
          0.74754477,
          0,
          -0.18941632,
          0.1506255,
          0.13895702,
          1
        ]
      },
      {
        "date" : 762459403.144813,
        "title" : "Untitled",
        "transform" : [
          0.99435055,
          1.970586e-09,
          -0.10614573,
          0,
          -0.015836935,
          0.98880696,
          -0.14835772,
          0,
          0.104957595,
          0.14920071,
          0.98322076,
          0,
          -0.19322795,
          0.021108061,
          0.0322946,
          1
        ]
      },
      {
        "date" : 762459396.007185,
        "title" : "Untitled",
        "transform" : [
          0.99947387,
          1.9797872e-09,
          0.032436956,
          0,
          0.0034646979,
          0.9942794,
          -0.10675482,
          0,
          -0.032251436,
          0.10681113,
          0.9937561,
          0,
          -0.2155881,
          0.014321209,
          0.02337569,
          1
        ]
      },
      {
        "date" : 762459391.925609,
        "title" : "Untitled",
        "transform" : [
          0.81298554,
          8.8461904e-10,
          0.582284,
          0,
          0.5756561,
          0.15045165,
          -0.80373156,
          0,
          -0.08760555,
          0.98861736,
          0.1223149,
          0,
          -0.21430627,
          0.15660949,
          -0.14735457,
          1
        ]
      },
      {
        "date" : 762459387.457335,
        "title" : "Untitled",
        "transform" : [
          0.9999631,
          2.5960116e-09,
          0.00858901,
          0,
          0.008582926,
          0.037642796,
          -0.99925447,
          0,
          -0.0003233384,
          0.9992913,
          0.037641358,
          0,
          -0.19964136,
          0.15842511,
          -0.16119938,
          1
        ]
      },
      {
        "date" : 762459385.503186,
        "title" : "Untitled",
        "transform" : [
          0.97659373,
          2.2852822e-09,
          0.21509248,
          0,
          0.15890753,
          0.673939,
          -0.7214948,
          0,
          -0.14495921,
          0.73878706,
          0.6581645,
          0,
          -0.2227671,
          0.116420925,
          -0.0628736,
          1
        ]
      },
      {
        "date" : 762459356.824122,
        "title" : "Untitled",
        "transform" : [
          0.9765937,
          2.2143956e-09,
          0.21509247,
          0,
          0.15890753,
          0.673939,
          -0.72149473,
          0,
          -0.14495912,
          0.7387871,
          0.6581645,
          0,
          -0.006068349,
          0.6450686,
          0.64962673,
          1
        ]
      }
    ],
    "A72E7856-797B-4E44-AAE6-A7A3C948CBC4" : [
      {
        "date" : 756473105.299508,
        "title" : "Untitled",
        "transform" : [
          0.8879402,
          9.047828e-10,
          -0.45995876,
          0,
          -0.20058969,
          0.8998965,
          -0.38723367,
          0,
          0.4139154,
          0.43610346,
          0.7990544,
          0,
          0.9666218,
          1.723726,
          1.2052052,
          1
        ]
      },
      {
        "date" : 756472827.319521,
        "title" : "Untitled",
        "transform" : [
          0.99705255,
          -3.3715422e-09,
          -0.07672132,
          0,
          -0.050898936,
          0.748243,
          -0.66146934,
          0,
          0.05740626,
          0.66342485,
          0.7460376,
          0,
          0.2819993,
          2.1788626,
          1.2015122,
          1
        ]
      },
      {
        "date" : 756472819.487177,
        "title" : "Untitled",
        "transform" : [
          0.93224895,
          4.632379e-10,
          -0.36181754,
          0,
          -0.33708963,
          0.36334106,
          -0.8685354,
          0,
          0.13146321,
          0.93165624,
          0.33872426,
          0,
          0.38479364,
          2.5651083,
          0.5980738,
          1
        ]
      },
      {
        "date" : 756471508.625328,
        "title" : "Untitled",
        "transform" : [
          0.9469181,
          5.5557864e-10,
          -0.32147497,
          0,
          -0.28166872,
          0.48199123,
          -0.82966685,
          0,
          0.15494816,
          0.8761761,
          0.45640618,
          0,
          0.42072013,
          2.4639797,
          0.7936573,
          1
        ]
      },
      {
        "date" : 756220896.648973,
        "title" : "Untitled",
        "transform" : [
          0.9469182,
          5.555787e-10,
          -0.321475,
          0,
          -0.28166875,
          0.4819913,
          -0.829667,
          0,
          0.15494816,
          0.8761761,
          0.45640618,
          0,
          0.40074232,
          2.2660542,
          1.1804032,
          1
        ]
      },
      {
        "date" : 756086147.182436,
        "title" : "Untitled",
        "transform" : [
          0.8597079,
          -7.8085327e-10,
          -0.5107861,
          0,
          -0.4076247,
          0.6026125,
          -0.68607605,
          0,
          0.30780607,
          0.798034,
          0.5180706,
          0,
          0.7960788,
          2.0639553,
          1.339886,
          1
        ]
      },
      {
        "date" : 756086144.831975,
        "title" : "Untitled",
        "transform" : [
          0.8588591,
          3.3719116e-10,
          -0.512212,
          0,
          -0.4138974,
          0.5891019,
          -0.69400865,
          0,
          0.301745,
          0.80805874,
          0.5059555,
          0,
          0.78040314,
          2.0898824,
          1.3085527,
          1
        ]
      },
      {
        "date" : 755526959.928274,
        "title" : "Untitled",
        "transform" : [
          0.96374184,
          2.834799e-11,
          -0.26683635,
          0,
          -0.19573197,
          0.6796592,
          -0.7069317,
          0,
          0.18135777,
          0.7335281,
          0.655016,
          0,
          0.4690456,
          1.8971236,
          1.6940677,
          1
        ]
      }
    ],
    "AE94BE0E-4164-40A7-B2A3-B2F32F073A3A" : [
      {
        "date" : 758115190.862317,
        "title" : "Untitled",
        "transform" : [
          0.27556148,
          1.476791e-08,
          0.96128345,
          0,
          0.3601875,
          0.92714834,
          -0.10325136,
          0,
          -0.8912524,
          0.37469438,
          0.25548637,
          0,
          -1.4889088,
          1.0262631,
          0.36414886,
          1
        ]
      },
      {
        "date" : 758112954.845036,
        "title" : "Untitled",
        "transform" : [
          0.27556163,
          -3.1483324e-08,
          0.96128345,
          0,
          0.36018747,
          0.92714834,
          -0.10325134,
          0,
          -0.8912524,
          0.37469435,
          0.25548643,
          0,
          -1.2529252,
          1.0272884,
          0.4403791,
          1
        ]
      },
      {
        "date" : 757947805.041154,
        "title" : "Untitled",
        "transform" : [
          0.8202441,
          -3.395942e-08,
          0.57201374,
          0,
          0.05236712,
          0.9958006,
          -0.075092226,
          0,
          -0.56961167,
          0.09154867,
          0.8167995,
          0,
          -0.83151096,
          0.6015464,
          1.328837,
          1
        ]
      },
      {
        "date" : 757947790.525418,
        "title" : "Untitled",
        "transform" : [
          0.8202441,
          -3.2969325e-08,
          0.57201374,
          0,
          0.05236712,
          0.9958006,
          -0.075092226,
          0,
          -0.5696116,
          0.091548674,
          0.8167995,
          0,
          -0.91603106,
          0.6576476,
          1.3622162,
          1
        ]
      },
      {
        "date" : 757947786.458512,
        "title" : "Untitled",
        "transform" : [
          0.73801166,
          -3.142912e-08,
          0.67478794,
          0,
          -0.013737709,
          0.9997927,
          0.0150249,
          0,
          -0.6746481,
          -0.020358592,
          0.73785865,
          0,
          -1.1296779,
          0.47001892,
          1.2767757,
          1
        ]
      },
      {
        "date" : 757946125.448958,
        "title" : "Untitled",
        "transform" : [
          0.7380117,
          -3.0547206e-08,
          0.67478794,
          0,
          -0.01373771,
          0.9997928,
          0.015024899,
          0,
          -0.67464805,
          -0.020358652,
          0.7378588,
          0,
          -1.3631344,
          0.12788197,
          0.5867873,
          1
        ]
      },
      {
        "date" : 757946102.817083,
        "title" : "Untitled",
        "transform" : [
          0.082404934,
          -3.3341465e-08,
          0.99659896,
          0,
          0.18447609,
          0.9827187,
          -0.015253595,
          0,
          -0.9793763,
          0.18510558,
          0.08098085,
          0,
          -1.3437607,
          0.40260512,
          -0.50102365,
          1
        ]
      },
      {
        "date" : 757946100.268093,
        "title" : "Untitled",
        "transform" : [
          0.084533855,
          -3.4002493e-08,
          0.9964206,
          0,
          0.66831,
          0.741719,
          -0.05669775,
          0,
          -0.7390641,
          0.6707107,
          0.06270037,
          0,
          -1.0361142,
          1.0735734,
          -0.5242386,
          1
        ]
      },
      {
        "date" : 757946093.200577,
        "title" : "Untitled",
        "transform" : [
          0.08453376,
          3.8672954e-10,
          0.99642056,
          0,
          0.66831,
          0.74171895,
          -0.056697704,
          0,
          -0.73906404,
          0.67071074,
          0.0627003,
          0,
          -0.7689201,
          0.4622557,
          -0.8892177,
          1
        ]
      },
      {
        "date" : 757946091.016949,
        "title" : "Untitled",
        "transform" : [
          0.9955018,
          6.153078e-12,
          0.09474217,
          0,
          0.07196351,
          0.65042305,
          -0.75615543,
          0,
          -0.061622493,
          0.7595721,
          0.64749736,
          0,
          -0.047402795,
          0.55683196,
          -0.26731372,
          1
        ]
      }
    ],
    "CB436AE6-DE73-445D-83B2-F22373E6F73A" : [
      {
        "date" : 750717728.462959,
        "title" : "Untitled",
        "transform" : [
          0.9465038,
          7.82445e-09,
          -0.32269254,
          0,
          -0.12737851,
          0.9187944,
          -0.37361953,
          0,
          0.29648814,
          0.39473644,
          0.86964244,
          0,
          0.28029978,
          0.37404668,
          0.7075135,
          1
        ]
      },
      {
        "date" : 750717444.413219,
        "title" : "Untitled",
        "transform" : [
          0.9465038,
          7.82445e-09,
          -0.32269254,
          0,
          -0.12737851,
          0.9187944,
          -0.37361953,
          0,
          0.29648814,
          0.39473644,
          0.86964244,
          0,
          0.25422537,
          0.37061012,
          0.71796304,
          1
        ]
      },
      {
        "date" : 750715724.239927,
        "title" : "Untitled",
        "transform" : [
          0.9465038,
          7.82445e-09,
          -0.32269254,
          0,
          -0.12737851,
          0.9187944,
          -0.37361953,
          0,
          0.29648814,
          0.39473644,
          0.86964244,
          0,
          0.20536423,
          0.4124151,
          0.7156458,
          1
        ]
      },
      {
        "date" : 750713283.444223,
        "title" : "Untitled",
        "transform" : [
          0.9465038,
          7.82445e-09,
          -0.32269254,
          0,
          -0.12737851,
          0.9187944,
          -0.37361953,
          0,
          0.29648814,
          0.39473644,
          0.86964244,
          0,
          0.07065679,
          0.31538343,
          0.805615,
          1
        ]
      },
      {
        "date" : 750713281.529585,
        "title" : "Untitled",
        "transform" : [
          0.95260006,
          -2.2708786e-09,
          -0.30422556,
          0,
          -0.05851005,
          0.98133135,
          -0.1832084,
          0,
          0.2985461,
          0.1923246,
          0.93481636,
          0,
          0.0698923,
          0.14284804,
          0.8535393,
          1
        ]
      },
      {
        "date" : 750713278.820163,
        "title" : "Untitled",
        "transform" : [
          0.993386,
          2.0496789e-09,
          -0.11482344,
          0,
          -0.018722419,
          0.98661715,
          -0.16197552,
          0,
          0.11328678,
          0.16305397,
          0.98009163,
          0,
          0.0698923,
          0.14284804,
          0.8535393,
          1
        ]
      },
      {
        "date" : 750713273.39461,
        "title" : "Untitled",
        "transform" : [
          0.993386,
          -1.7047059e-09,
          -0.11482345,
          0,
          -0.018722406,
          0.9866171,
          -0.16197544,
          0,
          0.11328678,
          0.16305397,
          0.98009163,
          0,
          0.10353742,
          0.20204496,
          0.83980167,
          1
        ]
      },
      {
        "date" : 750713269.794083,
        "title" : "Untitled",
        "transform" : [
          0.993386,
          -1.7047059e-09,
          -0.11482345,
          0,
          -0.018722406,
          0.9866171,
          -0.16197544,
          0,
          0.11328678,
          0.16305397,
          0.98009163,
          0,
          0.11218888,
          0.19863349,
          0.8393692,
          1
        ]
      },
      {
        "date" : 750713266.362512,
        "title" : "Untitled",
        "transform" : [
          0.993386,
          -1.7047059e-09,
          -0.11482345,
          0,
          -0.018722406,
          0.9866171,
          -0.16197544,
          0,
          0.11328678,
          0.16305397,
          0.98009163,
          0,
          0.116813965,
          0.16162223,
          0.8449919,
          1
        ]
      },
      {
        "date" : 750713261.363484,
        "title" : "Untitled",
        "transform" : [
          0.993386,
          -1.7047059e-09,
          -0.11482345,
          0,
          -0.018722406,
          0.9866171,
          -0.16197544,
          0,
          0.11328678,
          0.16305397,
          0.98009163,
          0,
          0.09831167,
          0.14115494,
          0.8505356,
          1
        ]
      }
    ],
    "DF287A2A-5B5F-4F10-85D9-721B72452257" : [
      {
        "date" : 756647199.131699,
        "title" : "Untitled",
        "transform" : [
          0.5788896,
          1.0576947e-08,
          -0.81540585,
          0,
          -0.3861813,
          0.88073677,
          -0.27416566,
          0,
          0.718158,
          0.47360602,
          0.5098494,
          0,
          2.6892197,
          1.4389161,
          0.81561464,
          1
        ]
      },
      {
        "date" : 756647193.834944,
        "title" : "Untitled",
        "transform" : [
          -0.07555727,
          5.4547917e-09,
          -0.9971414,
          0,
          -0.32395536,
          0.9457539,
          0.024547398,
          0,
          0.94305044,
          0.3248839,
          -0.071458675,
          0,
          2.9345706,
          0.728878,
          -0.83293,
          1
        ]
      },
      {
        "date" : 756647171.204872,
        "title" : "Untitled",
        "transform" : [
          0.11654463,
          5.2261644e-09,
          -0.9931854,
          0,
          -0.38279527,
          0.92274064,
          -0.044918787,
          0,
          0.9164525,
          0.38542154,
          0.10754036,
          0,
          2.9866161,
          0.920836,
          -0.26253587,
          1
        ]
      },
      {
        "date" : 756647169.355679,
        "title" : "Untitled",
        "transform" : [
          0.13574599,
          5.2031535e-09,
          -0.99074364,
          0,
          -0.35678867,
          0.93290514,
          -0.04888507,
          0,
          0.92427,
          0.36012185,
          0.12663804,
          0,
          2.9816878,
          0.83758664,
          -0.2035923,
          1
        ]
      },
      {
        "date" : 756646972.392289,
        "title" : "Untitled",
        "transform" : [
          0.9973176,
          5.34288e-09,
          -0.07319674,
          0,
          -0.029439338,
          0.91555446,
          -0.4011151,
          0,
          0.0670157,
          0.40219378,
          0.9130986,
          0,
          -0.12797114,
          0.9763925,
          2.091498,
          1
        ]
      },
      {
        "date" : 756646958.416365,
        "title" : "Untitled",
        "transform" : [
          -0.08946976,
          3.731542e-09,
          -0.99598956,
          0,
          -0.66155005,
          0.7475425,
          0.0594271,
          0,
          0.7445447,
          0.66421384,
          -0.06688256,
          0,
          2.778597,
          1.890028,
          -0.8635959,
          1
        ]
      },
      {
        "date" : 756646838.4893,
        "title" : "Untitled",
        "transform" : [
          0.9937271,
          2.9059093e-09,
          -0.111832775,
          0,
          -0.053271346,
          0.8792569,
          -0.47335973,
          0,
          0.09832984,
          0.47634777,
          0.8737414,
          0,
          -0.25504738,
          1.2373675,
          1.7604712,
          1
        ]
      },
      {
        "date" : 756646812.71505,
        "title" : "Untitled",
        "transform" : [
          0.06295351,
          4.4182933e-09,
          -0.9980165,
          0,
          -0.6362756,
          0.7704172,
          -0.040135343,
          0,
          0.768889,
          0.6375401,
          0.04850037,
          0,
          1.9473265,
          1.6484635,
          0.124457955,
          1
        ]
      },
      {
        "date" : 756646768.434206,
        "title" : "Untitled",
        "transform" : [
          0.89368445,
