{
  "advancedEditorSelectedIdentifier" : "ProjectBrowser",
  "openSceneRelativePaths" : [
    "PortalFrame.usda",
    "PortalFrameContent.usda",
    "SpatialEventLab.usda",
    "MoveToExamples.usda"
  ],
  "recentIdentifiers" : {
    "04966C20-2723-4378-BCAD-327CAD4E36CF" : [

    ],
    "04CE6D61-872A-4ADA-A754-31532C1C7C6B" : [

    ],
    "28D8110F-EF76-49DA-9604-8A92B08609CD" : [

    ],
    "2FB5E55D-1FD0-442E-BA3C-C9212530BE69" : [

    ],
    "4629C9E9-26E2-4EAC-A682-1E379211B1A8" : [

    ],
    "4EA577E8-CF08-4F6B-8090-61CB20667042" : [

    ],
    "5DCFECBE-D94C-41A8-875C-795D114E3AC7" : [

    ],
    "5E2830F7-F616-4CD9-83D8-47601C67856C" : [

    ],
    "600AEC97-5E5E-45BD-ADD1-EEDE58FCC8ED" : [

    ],
    "61A7FA42-C29D-4B9E-9A5C-7E857895FAA7" : [

    ],
    "696DFAAD-0C25-4B8C-AF62-DF9E974496AF" : [

    ],
    "703A938B-F39E-41B4-97E8-9FCF45911A18" : [

    ],
    "778FA43A-6A2D-424F-B03A-A6861C0B3F6C" : [

    ],
    "7853FDAC-47D4-436D-8639-E6F44E0CF2D9" : [

    ],
    "7CCDFE09-BCF8-4A48-99D6-A1740674C1D0" : [

    ],
    "8C9AB247-99A8-4A91-B3B3-76F51BA0FBA3" : [

    ],
    "96ADE60A-91E0-421B-B07E-724131EAECB0" : [

    ],
    "97EA406E-347D-4FB5-9DD3-8B7FF5700EC0" : [

    ],
    "A72E7856-797B-4E44-AAE6-A7A3C948CBC4" : [

    ],
    "AE94BE0E-4164-40A7-B2A3-B2F32F073A3A" : [

    ],
    "CB436AE6-DE73-445D-83B2-F22373E6F73A" : [

    ],
    "D1A81AFB-C759-4B04-83BE-88EDFE530847" : [

    ],
    "D1CE0851-BABB-421B-870F-C522D0908905" : [

    ],
    "DF287A2A-5B5F-4F10-85D9-721B72452257" : [

    ]
  },
  "sceneCameraHistory" : {
    "04CE6D61-872A-4ADA-A754-31532C1C7C6B" : [
      {
        "date" : 763486967.107723,
        "title" : "Untitled",
        "transform" : [
          0.9996163,
          1.5580071e-09,
          0.027696492,
          0,
          0.0018795389,
          0.9976947,
          -0.067836754,
          0,
          -0.027632581,
          0.06786282,
          0.99731183,
          0,
          -0.012537058,
          0.210463,
          1.5200253,
          1
        ]
      },
      {
        "date" : 763486965.553713,
        "title" : "Untitled",
        "transform" : [
          0.9589278,
          1.5277228e-09,
          0.2836501,
          0,
          -0.008787154,
          0.99952006,
          0.029706404,
          0,
          -0.28351393,
          -0.03097874,
          0.95846766,
          0,
          -0.40652362,
          0.059374254,
          1.4785608,
          1
        ]
      },
      {
        "date" : 763486357.159708,
        "title" : "Untitled",
        "transform" : [
          0.999503,
          -7.0270817e-10,
          -0.031523623,
          0,
          -0.005192015,
          0.98634344,
          -0.16461983,
          0,
          0.031093135,
          0.16470173,
          0.9858532,
          0,
          0.07658782,
          0.3574688,
          1.4903955,
          1
        ]
      },
      {
        "date" : 763485217.271321,
        "title" : "Untitled",
        "transform" : [
          0.9995029,
          -7.0270806e-10,
          -0.03152362,
          0,
          -0.005192015,
          0.98634344,
          -0.16461983,
          0,
          0.031093135,
          0.16470173,
          0.9858532,
          0,
          0.053924445,
          0.23741995,
          0.7718204,
          1
        ]
      },
      {
        "date" : 763485130.549615,
        "title" : "Untitled",
        "transform" : [
          0.99700254,
          -6.997105e-10,
          0.07736812,
          0,
          0.01692599,
          0.9757759,
          -0.21811667,
          0,
          -0.07549393,
          0.21877244,
          0.97285116,
          0,
          -0.030938327,
          0.2802451,
          0.7808398,
          1
        ]
      },
      {
        "date" : 763485112.443834,
        "title" : "Untitled",
        "transform" : [
          0.9999504,
          1.8976059e-09,
          -0.009960162,
          0,
          -0.009786713,
          0.18582265,
          -0.9825346,
          0,
          0.0018508489,
          0.98258334,
          0.18581343,
          0,
          0.030998982,
          0.88838804,
          0.14366515,
          1
        ]
      },
      {
        "date" : 763485091.750074,
        "title" : "Untitled",
        "transform" : [
          0.9957071,
          1.7737272e-09,
          -0.092560016,
          0,
          -0.054754347,
          0.8062648,
          -0.5890153,
          0,
          0.07462791,
          0.5915548,
          0.8028036,
          0,
          0.0952864,
          0.55124927,
          0.7056052,
          1
        ]
      },
      {
        "date" : 763485088.721961,
        "title" : "Untitled",
        "transform" : [
          0.9957071,
          1.7737272e-09,
          -0.092560016,
          0,
          -0.054754347,
          0.8062648,
          -0.5890153,
          0,
          0.074627906,
          0.59155476,
          0.80280346,
          0,
          0.038420185,
          0.43626308,
          0.79562026,
          1
        ]
      },
      {
        "date" : 763485067.746679,
        "title" : "Untitled",
        "transform" : [
          0.99998325,
          -5.617251e-11,
          0.0057814857,
          0,
          0.0015776614,
          0.96204674,
          -0.2728802,
          0,
          -0.005562039,
          0.2728848,
          0.9620306,
          0,
          -0.0031707692,
          0.18817396,
          0.75829005,
          1
        ]
      },
      {
        "date" : 763485066.183513,
        "title" : "Untitled",
        "transform" : [
          0.99998325,
          -5.617251e-11,
          0.0057814857,
          0,
          0.0015776614,
          0.96204674,
          -0.2728802,
          0,
          -0.005562039,
          0.2728848,
          0.9620306,
          0,
          -0.0027145545,
          0.17548737,
          0.6779625,
          1
        ]
      }
    ],
    "203250E2-7CBB-436D-81B1-6D8CD72CFABF" : [
      {
        "date" : 765220136.72742,
        "title" : "Untitled",
        "transform" : [
          0.99873424,
          2.6052657e-08,
          -0.050297815,
          0,
          -0.038674776,
          0.6393508,
          -0.76794183,
          0,
          0.032157935,
          0.7689152,
          0.6385416,
          0,
          0.08871651,
          1.0300666,
          -0.9349562,
          1
        ]
      },
      {
        "date" : 765220065.348994,
        "title" : "Untitled",
        "transform" : [
          0.99955875,
          2.5924242e-08,
          0.029706143,
          0,
          0.013036132,
          0.8985665,
          -0.43864372,
          0,
          -0.026692946,
          0.4388374,
          0.89816993,
          0,
          -0.0023216829,
          0.528946,
          -0.7049525,
          1
        ]
      },
      {
        "date" : 765220061.659492,
        "title" : "Untitled",
        "transform" : [
          0.98838735,
          2.5563262e-08,
          0.15195586,
          0,
          0.12264689,
          0.59038454,
          -0.79774916,
          0,
          -0.08971241,
          0.8071221,
          0.58352864,
          0,
          -0.078281164,
          0.97285205,
          -1.0842006,
          1
        ]
      },
      {
        "date" : 765220058.075615,
        "title" : "Untitled",
        "transform" : [
          0.9883873,
          2.049542e-08,
          0.15195584,
          0,
          0.12264691,
          0.5903846,
          -0.7977492,
          0,
          -0.08971238,
          0.8071222,
          0.5835286,
          0,
          0.44063556,
          1.6189357,
          -0.16141069,
          1
        ]
      },
      {
        "date" : 765219906.910235,
        "title" : "Untitled",
        "transform" : [
          0.86734533,
          1.9940371e-08,
          0.49770686,
          0,
          0.13213599,
          0.9641137,
          -0.23027119,
          0,
          -0.47984603,
          0.26548967,
          0.83621955,
          0,
          -0.46138608,
          0.51617926,
          0.66074723,
          1
        ]
      },
      {
        "date" : 765219899.226397,
        "title" : "Untitled",
        "transform" : [
          0.9979228,
          1.7479085e-08,
          -0.064422496,
          0,
          -0.0050903065,
          0.9968735,
          -0.07884985,
          0,
          0.06422106,
          0.079014,
          0.9948028,
          0,
          -0.06390335,
          0.38377053,
          0.72529435,
          1
        ]
      },
      {
        "date" : 765219676.712774,
        "title" : "Untitled",
        "transform" : [
          0.9603603,
          1.7677024e-08,
          0.27876192,
          0,
          -0.0016004195,
          0.9999835,
          0.00551349,
          0,
          -0.27875736,
          -0.0057410635,
          0.9603445,
          0,
          -0.3329349,
          0.31977072,
          0.7910344,
          1
        ]
      },
      {
        "date" : 765219675.044851,
        "title" : "Untitled",
        "transform" : [
          0.92897,
          1.8372981e-08,
          0.37015516,
          0,
          -0.06916797,
          0.9823861,
          0.17358921,
          0,
          -0.3636353,
          -0.18686205,
          0.91260725,
          0,
          -0.42395696,
          0.15998924,
          0.79592603,
          1
        ]
      },
      {
        "date" : 765219671.803807,
        "title" : "Untitled",
        "transform" : [
          0.92897,
          1.4556222e-08,
          0.37015516,
          0,
          -0.06916795,
          0.9823861,
          0.17358924,
          0,
          -0.36363518,
          -0.18686204,
          0.91260725,
          0,
          0.027496696,
          -0.54134065,
          0.7148068,
          1
        ]
      },
      {
        "date" : 765219660.887943,
        "title" : "Untitled",
        "transform" : [
          0.91121244,
          1.4867382e-08,
          0.41193676,
          0,
          0.040124293,
          0.99524486,
          -0.08875574,
          0,
          -0.40997788,
          0.09740405,
          0.9068796,
          0,
          -0.106758356,
          0.2821801,
          0.6982136,
          1
        ]
      }
    ],
    "22224989-8BCA-4ECC-838B-F635D6B2FFE2" : [
      {
        "date" : 767015927.560584,
        "title" : "Untitled",
        "transform" : [
          0.9362518,
          -7.2004633e-09,
          -0.35132977,
          0,
          -0.16315164,
          0.8856344,
          -0.4347796,
          0,
          0.31114975,
          0.4643832,
          0.8291768,
          0,
          2.4816353,
          -0.28831324,
          1.6132603,
          1
        ]
      }
    ],
    "28D8110F-EF76-49DA-9604-8A92B08609CD" : [
      {
        "date" : 766865690.179365,
        "title" : "Untitled",
        "transform" : [
          0.9189995,
          1.3651884e-09,
          -0.39425868,
          0,
          -0.06535754,
          0.986164,
          -0.15234554,
          0,
          0.38880372,
          0.16577335,
          0.90628415,
          0,
          1.0225451,
          0.42551076,
          2.442585,
          1
        ]
      },
      {
        "date" : 766864834.615997,
        "title" : "Untitled",
        "transform" : [
          0.8826171,
          1.8001307e-09,
          -0.4700926,
          0,
          -0.104897685,
          0.97478586,
          -0.19694948,
          0,
          0.45823961,
          0.2231427,
          0.86036265,
          0,
          1.2048721,
          0.57924074,
          2.3117418,
          1
        ]
      },
      {
        "date" : 766862739.185909,
        "title" : "Untitled",
        "transform" : [
          0.9990772,
          -1.3925663e-10,
          -0.0429515,
          0,
          -0.019652706,
          0.889181,
          -0.45713347,
          0,
          0.038191654,
          0.4575558,
          0.8883604,
          0,
          0.098775074,
          1.1833764,
          2.2975667,
          1
        ]
      },
      {
        "date" : 766862719.036036,
        "title" : "Untitled",
        "transform" : [
          0.9990772,
          9.630062e-11,
          -0.0429515,
          0,
          -0.022551015,
          0.8510811,
          -0.52454984,
          0,
          0.0365552,
          0.5250344,
          0.8502956,
          0,
          0.09454272,
          1.3578964,
          2.1991196,
          1
        ]
      },
      {
        "date" : 766862707.021781,
        "title" : "Untitled",
        "transform" : [
          0.9999987,
          8.286316e-12,
          0.0016192568,
          0,
          0.0007438278,
          0.8882484,
          -0.45936307,
          0,
          -0.0014383022,
          0.4593637,
          0.8882472,
          0,
          -0.0037198805,
          1.1880523,
          2.2972736,
          1
        ]
      }
    ],
    "2FB5E55D-1FD0-442E-BA3C-C9212530BE69" : [
      {
        "date" : 765370942.709048,
        "title" : "Untitled",
        "transform" : [
          0.9345745,
          -8.696897e-09,
          0.35576785,
          0,
          0.054226596,
          0.9883156,
          -0.14244898,
          0,
          -0.35161093,
          0.15242124,
          0.9236545,
          0,
          -0.44710618,
          -0.038900495,
          0.98192996,
          1
        ]
      },
      {
        "date" : 765370938.466403,
        "title" : "Untitled",
        "transform" : [
          0.99981165,
          -8.450473e-09,
          0.019416729,
          0,
          0.010634976,
          0.8366607,
          -0.54761845,
          0,
          -0.016245203,
          0.5477217,
          0.83650297,
          0,
          -0.03570144,
          0.4602974,
          0.93428725,
          1
        ]
      },
      {
        "date" : 765370872.663896,
        "title" : "Untitled",
        "transform" : [
          0.99999005,
          -8.821421e-09,
          0.0044773617,
          0,
          0.0004500607,
          0.9949355,
          -0.100514926,
          0,
          -0.004454681,
          0.10051591,
          0.9949255,
          0,
          -0.018746957,
          -0.08971192,
          0.92377716,
          1
        ]
      },
      {
        "date" : 765370145.660605,
        "title" : "Untitled",
        "transform" : [
          0.9989695,
          -8.815395e-09,
          -0.045386836,
          0,
          -0.0059707756,
          0.99130905,
          -0.13141778,
          0,
          0.044992387,
          0.13155334,
          0.99028754,
          0,
          0.037381943,
          -0.05449102,
          0.9193444,
          1
        ]
      },
      {
        "date" : 765370102.625456,
        "title" : "Untitled",
        "transform" : [
          0.9282042,
          -8.818842e-09,
          -0.37207153,
          0,
          -0.09851896,
          0.9643074,
          -0.24577458,
          0,
          0.3587913,
          0.26478505,
          0.895074,
          0,
          0.33785915,
          0.07080109,
          0.85463405,
          1
        ]
      },
      {
        "date" : 765370096.44559,
        "title" : "Untitled",
        "transform" : [
          0.89837503,
          -8.0699145e-09,
          -0.4392294,
          0,
          -0.1726367,
          0.91951936,
          -0.3531014,
          0,
          0.4038799,
          0.39304456,
          0.82607317,
          0,
          0.38581344,
          0.19378453,
          0.7990993,
          1
        ]
      },
      {
        "date" : 765370087.806956,
        "title" : "Untitled",
        "transform" : [
          0.99053663,
          -8.018876e-09,
          -0.13724878,
          0,
          -0.053133592,
          0.92202365,
          -0.3834699,
          0,
          0.12654662,
          0.3871335,
          0.91329813,
          0,
          0.11770299,
          0.18808204,
          0.8814056,
          1
        ]
      },
      {
        "date" : 765369979.022226,
        "title" : "Untitled",
        "transform" : [
          0.9905365,
          1.8325022e-09,
          -0.13724874,
          0,
          -0.053133547,
          0.92202365,
          -0.38346988,
          0,
          0.12654656,
          0.3871334,
          0.91329813,
          0,
          0.40522575,
          0.7362758,
          2.9245503,
          1
        ]
      },
      {
        "date" : 765369888.245095,
        "title" : "Untitled",
        "transform" : [
          0.9919125,
          4.0904364e-09,
          -0.12692338,
          0,
          -0.12674057,
          0.05364932,
          -0.990484,
          0,
          0.006809342,
          0.9985598,
          0.053215478,
          0,
          0.06788164,
          2.921676,
          0.53049767,
          1
        ]
      },
      {
        "date" : 765369883.863661,
        "title" : "Untitled",
        "transform" : [
          0.99151754,
          6.4261414e-09,
          -0.12997311,
          0,
          -0.12989393,
          0.034899585,
          -0.99091345,
          0,
          0.004536002,
          0.9993908,
          0.03460358,
          0,
          0.06334947,
          2.9312687,
          0.48326933,
          1
        ]
      }
    ],
    "4629C9E9-26E2-4EAC-A682-1E379211B1A8" : [
      {
        "date" : 757420894.646689,
        "title" : "Untitled",
        "transform" : [
          0.99997896,
          -2.9709074e-10,
          -0.0064824484,
          0,
          -0.0053369305,
          0.5676219,
          -0.82327205,
          0,
          0.00367958,
          0.82328933,
          0.56760997,
          0,
          0.00013029575,
          0.10762215,
          0.029786676,
          1
        ]
      },
      {
        "date" : 757420791.056145,
        "title" : "Untitled",
        "transform" : [
          0.99997896,
          -5.299214e-10,
          -0.0064824484,
          0,
          -0.00533693,
          0.5676219,
          -0.82327205,
          0,
          0.0036795803,
          0.82328933,
          0.56760997,
          0,
          -0.31480002,
          1.2381107,
          -0.15106635,
          1
        ]
      },
      {
        "date" : 757419924.389263,
        "title" : "Untitled",
        "transform" : [
          0.999979,
          -4.6813053e-10,
          -0.0064824484,
          0,
          -0.0053369305,
          0.5676219,
          -0.82327205,
          0,
          0.00367958,
          0.82328933,
          0.56760997,
          0,
          0.00020002358,
          0.07303207,
          0.045680296,
          1
        ]
      },
      {
        "date" : 757419921.75182,
        "title" : "Untitled",
        "transform" : [
          0.999979,
          -4.6813053e-10,
          -0.0064824484,
          0,
          -0.0053369305,
          0.5676219,
          -0.82327205,
          0,
          0.00367958,
          0.82328933,
          0.56760997,
          0,
          6.521493e-05,
          0.023811102,
          0.014893431,
          1
        ]
      },
      {
        "date" : 757419706.82353,
        "title" : "Untitled",
        "transform" : [
          0.999979,
          -4.106423e-10,
          -0.006482449,
          0,
          -0.005336889,
          0.5676218,
          -0.8232721,
          0,
          0.003679526,
          0.8232894,
          0.5676099,
          0,
          -0.10026924,
          1.298744,
          0.044818282,
          1
        ]
      },
      {
        "date" : 757419701.397706,
        "title" : "Untitled",
        "transform" : [
          0.999979,
          -4.106423e-10,
          -0.006482449,
          0,
          -0.005336889,
          0.5676218,
          -0.8232721,
          0,
          0.0036795265,
          0.8232895,
          0.56760997,
          0,
          -0.14518966,
          1.3097181,
          0.029191941,
          1
        ]
      },
      {
        "date" : 757419685.2059,
        "title" : "Untitled",
        "transform" : [
          0.9799176,
          -4.089769e-10,
          -0.1994032,
          0,
          -0.15782972,
          0.6111553,
          -0.7756152,
          0,
          0.12186627,
          0.79151076,
          0.59888184,
          0,
          -0.0816111,
          1.2914727,
          0.006013125,
          1
        ]
      },
      {
        "date" : 757419680.344738,
        "title" : "Untitled",
        "transform" : [
          0.9799176,
          -4.089769e-10,
          -0.1994032,
          0,
          -0.15782972,
          0.6111553,
          -0.7756152,
          0,
          0.12186627,
          0.79151076,
          0.59888184,
          0,
          -0.49327374,
          1.3275514,
          0.04209912,
          1
        ]
      },
      {
        "date" : 757419078.473834,
        "title" : "Untitled",
        "transform" : [
          0.8640293,
          -6.850769e-10,
          -0.5034416,
          0,
          -0.36152434,
          0.6959339,
          -0.62046456,
          0,
          0.35036203,
          0.7181059,
          0.6013073,
          0,
          0.007814661,
          1.2566011,
          -0.050254524,
          1
        ]
      },
      {
        "date" : 757419047.271882,
        "title" : "Untitled",
        "transform" : [
          0.8640293,
          -6.850769e-10,
          -0.5034416,
          0,
          -0.36152434,
          0.6959339,
          -0.62046456,
          0,
          0.35036203,
          0.7181059,
          0.6013073,
          0,
          0.10327545,
          1.2377794,
          -0.083398744,
          1
        ]
      }
    ],
    "4EA577E8-CF08-4F6B-8090-61CB20667042" : [
      {
        "date" : 751842275.490995,
        "title" : "Untitled",
        "transform" : [
          0.99996895,
          -0.00043677675,
          -0.007867536,
          0,
          -0.0036516206,
          0.8590868,
          -0.51181674,
          0,
          0.0069824457,
          0.5118296,
          0.85905856,
          0,
          0,
          0.8320426,
          1.4370507,
          1
        ]
      },
      {
        "date" : 751841169.375382,
        "title" : "Untitled",
        "transform" : [
          0.99999994,
          0,
          -0,
          0,
          -0,
          0.8590841,
          -0.51183426,
          0,
          0,
          0.51183426,
          0.8590841,
          0,
          0,
          0.8320426,
          1.4370507,
          1
        ]
      }
    ],
    "5DCFECBE-D94C-41A8-875C-795D114E3AC7" : [
      {
        "date" : 765743014.850178,
        "title" : "Untitled",
        "transform" : [
          0.9914927,
          2.2643531e-10,
          0.13016234,
          0,
          -0.005916241,
          0.9989664,
          0.045065764,
          0,
          -0.13002786,
          -0.045452423,
          0.99046797,
          0,
          -0.07624519,
          0.18685214,
          0.8930387,
          1
        ]
      },
      {
        "date" : 765743002.424275,
        "title" : "Untitled",
        "transform" : [
          0.97854435,
          -1.8083979e-09,
          0.20603624,
          0,
          0.02797355,
          0.9907403,
          -0.13285722,
          0,
          -0.20412844,
          0.13577028,
          0.96948326,
          0,
          -0.1650136,
          0.38311768,
          0.9202189,
          1
        ]
      },
      {
        "date" : 765742912.58256,
        "title" : "Untitled",
        "transform" : [
          0.9969125,
          2.5557125e-09,
          -0.07852099,
          0,
          0.020527896,
          0.96522176,
          0.2606252,
          0,
          0.07579016,
          -0.26143232,
          0.96224165,
          0,
          0.04772979,
          0.08021897,
          0.9258024,
          1
        ]
      },
      {
        "date" : 765742844.973934,
        "title" : "Untitled",
        "transform" : [
          0.9973834,
          4.5385167e-09,
          0.07229317,
          0,
          0.010680573,
          0.9890263,
          -0.14735368,
          0,
          -0.07149986,
          0.14774032,
          0.9864384,
          0,
          -0.06464179,
          0.39255026,
          0.96298397,
          1
        ]
      },
      {
        "date" : 765742813.057068,
        "title" : "Untitled",
        "transform" : [
          0.9997173,
          4.506735e-09,
          0.02377632,
          0,
          0.00714382,
          0.9537942,
          -0.30037606,
          0,
          -0.022677738,
          0.30046105,
          0.95352453,
          0,
          -0.017550185,
          0.54344445,
          0.9542996,
          1
        ]
      },
      {
        "date" : 765742781.734022,
        "title" : "Untitled",
        "transform" : [
          0.99999386,
          4.5711084e-09,
          -0.0035317938,
          0,
          -0.0008313606,
          0.9719028,
          -0.23538142,
          0,
          0.0034325388,
          0.23538296,
          0.9718967,
          0,
          0.013925195,
          0.46551126,
          0.95580727,
          1
        ]
      },
      {
        "date" : 765742771.591382,
        "title" : "Untitled",
        "transform" : [
          0.9983224,
          4.4795048e-09,
          0.057900816,
          0,
          0.05786551,
          0.034899592,
          -0.9977142,
          0,
          -0.0020207341,
          0.99939084,
          0.03484096,
          0,
          -0.004890442,
          1.5315244,
          0.060241252,
          1
        ]
      },
      {
        "date" : 765742766.536957,
        "title" : "Untitled",
        "transform" : [
          0.99986476,
          4.4795048e-09,
          0.016449431,
          0,
          0.01643938,
          0.034899652,
          -0.9992556,
          0,
          -0.0005741023,
          0.99939084,
          0.034894846,
          0,
          0.007902601,
          1.5315244,
          0.05166635,
          1
        ]
      },
      {
        "date" : 765742761.101908,
        "title" : "Untitled",
        "transform" : [
          0.99986476,
          4.195347e-09,
          0.016449431,
          0,
          0.016090551,
          0.20773731,
          -0.97805226,
          0,
          -0.003417183,
          0.97818464,
          0.20770912,
          0,
          0.0049037244,
          1.4624717,
          0.23395054,
          1
        ]
      },
      {
        "date" : 765742758.019869,
        "title" : "Untitled",
        "transform" : [
          0.999851,
          3.901296e-09,
          0.01726729,
          0,
          0.013955121,
          0.58893,
          -0.8080637,
          0,
          -0.010169247,
          0.8081842,
          0.58884215,
          0,
          -0.0020438372,
          1.2791811,
          0.6251675,
          1
        ]
      }
    ],
    "5E2830F7-F616-4CD9-83D8-47601C67856C" : [
      {
        "date" : 765824851.710557,
        "title" : "Untitled",
        "transform" : [
          0.997907,
          6.659514e-09,
          0.0646662,
          0,
          0.014230342,
          0.9754867,
          -0.21959805,
          0,
          -0.06308102,
          0.22005859,
          0.97344506,
          0,
          -0.14515314,
          0.6399345,
          2.2462106,
          1
        ]
      },
      {
        "date" : 765824660.714946,
        "title" : "Untitled",
        "transform" : [
          0.9965026,
          6.8674293e-09,
          -0.08356182,
          0,
          -0.015495443,
          0.9826561,
          -0.18478817,
          0,
          0.08211255,
          0.18543667,
          0.97921956,
          0,
          0.19064757,
          0.55989176,
          2.2728956,
          1
        ]
      },
      {
        "date" : 765824652.370247,
        "title" : "Untitled",
        "transform" : [
          0.9975332,
          -4.6614623e-10,
          0.07019577,
          0,
          0.023196058,
          0.9438241,
          -0.32963306,
          0,
          -0.06625246,
          0.33044824,
          0.9414959,
          0,
          -0.12807655,
          0.91650736,
          2.3587713,
          1
        ]
      },
      {
        "date" : 765824647.164714,
        "title" : "Untitled",
        "transform" : [
          0.99724644,
          2.4434854e-10,
          0.07415843,
          0,
          0.048664387,
          0.75456786,
          -0.65441513,
          0,
          -0.05595756,
          0.65622205,
          0.75249004,
          0,
          -0.10800436,
          1.7531939,
          1.961348,
          1
        ]
      },
      {
        "date" : 765823924.205268,
        "title" : "Untitled",
        "transform" : [
          0.7847863,
          -7.563621e-10,
          -0.6197664,
          0,
          -0.19558944,
          0.94889706,
          -0.24766736,
          0,
          0.58809453,
          0.31558573,
          0.7446814,
          0,
          1.6902583,
          0.80236447,
          1.9411799,
          1
        ]
      },
      {
        "date" : 765823909.860642,
        "title" : "Untitled",
        "transform" : [
          0.9736906,
          -7.369503e-10,
          -0.22787371,
          0,
          -0.071503155,
          0.94949436,
          -0.30552867,
          0,
          0.21636482,
          0.31378415,
          0.9245138,
          0,
          0.77219677,
          0.7975466,
          2.579805,
          1
        ]
      },
      {
        "date" : 765823895.50057,
        "title" : "Untitled",
        "transform" : [
          0.07733731,
          2.52977e-10,
          -0.9970049,
          0,
          -0.41103554,
          0.9110616,
          -0.031883873,
          0,
          0.90833294,
          0.4122703,
          0.07045904,
          0,
          2.3064091,
          1.063343,
          -0.0111171305,
          1
        ]
      },
      {
        "date" : 765823886.872815,
        "title" : "Untitled",
        "transform" : [
          0.23076451,
          6.794466e-10,
          -0.9730096,
          0,
          -0.48305443,
          0.8680631,
          -0.114563935,
          0,
          0.84463376,
          0.4964539,
          0.20031814,
          0,
          2.1595562,
          1.2984438,
          0.35639694,
          1
        ]
      },
      {
        "date" : 765823881.824546,
        "title" : "Untitled",
        "transform" : [
          0.20398654,
          4.2561465e-10,
          -0.9789736,
          0,
          -0.42902777,
          0.8988568,
          -0.08939556,
          0,
          0.8799572,
          0.43824247,
          0.1833547,
          0,
          2.2212875,
          1.1399707,
          0.30254745,
          1
        ]
      },
      {
        "date" : 765823878.204984,
        "title" : "Untitled",
        "transform" : [
          0.28052205,
          4.2561465e-10,
          -0.9598475,
          0,
          -0.42064592,
          0.89885694,
          -0.12293667,
          0,
          0.86276555,
          0.43824247,
          0.25214916,
          0,
          2.189904,
          1.1399707,
          0.49247056,
          1
        ]
      }
    ],
    "600AEC97-5E5E-45BD-ADD1-EEDE58FCC8ED" : [
      {
        "date" : 765126236.701058,
        "title" : "Untitled",
        "transform" : [
          0.99841785,
          -3.4460632e-09,
          -0.05622885,
          0,
          -0.02082943,
          0.928856,
          -0.36985496,
          0,
          0.052228536,
          0.3704409,
          0.92738646,
          0,
          0.27961898,
          0.5892979,
          0.92278695,
          1
        ]
      },
      {
        "date" : 763329684.485846,
        "title" : "Untitled",
        "transform" : [
          0.8824465,
          -3.0381702e-09,
          -0.4704127,
          0,
          -0.28671247,
          0.7927927,
          -0.5378436,
          0,
          0.3729398,
          0.6094913,
          0.6995972,
          0,
          0.54916984,
          0.82230145,
          0.54701686,
          1
        ]
      },
      {
        "date" : 763329659.88879,
        "title" : "Untitled",
        "transform" : [
          0.9846536,
          -3.2979228e-09,
          -0.17452027,
          0,
          -0.11240006,
          0.7649819,
          -0.6341679,
          0,
          0.13350488,
          0.6440517,
          0.75324225,
          0,
          0.28670457,
          0.86243093,
          0.6543299,
          1
        ]
      },
      {
        "date" : 763326407.276617,
        "title" : "Untitled",
        "transform" : [
          0.99291116,
          -2.9034026e-09,
          0.11885894,
          0,
          0.032658253,
          0.96151155,
          -0.27281678,
          0,
          -0.11428424,
          0.27476442,
          0.9546956,
          0,
          0.00582029,
          0.44425565,
          0.8720922,
          1
        ]
      },
      {
        "date" : 763326400.550107,
        "title" : "Untitled",
        "transform" : [
          0.9999942,
          -5.5477276e-09,
          0.0033720254,
          0,
          -0.00013802368,
          0.99916154,
          0.04094054,
          0,
          -0.0033691907,
          -0.040940903,
          0.9991559,
          0,
          0.08319049,
          0.21886277,
          0.93344057,
          1
        ]
      },
      {
        "date" : 763325555.010483,
        "title" : "Untitled",
        "transform" : [
          0.9649154,
          -5.6004383e-09,
          0.26256067,
          0,
          0.05709835,
          0.9760676,
          -0.2098374,
          0,
          -0.256277,
          0.21746701,
          0.9418228,
          0,
          -0.097022116,
          0.40430516,
          0.88281864,
          1
        ]
      },
      {
        "date" : 763325487.155824,
        "title" : "Untitled",
        "transform" : [
          0.9963867,
          -5.6461875e-09,
          0.08493358,
          0,
          0.025770295,
          0.9528579,
          -0.3023203,
          0,
          -0.08092963,
          0.30341652,
          0.9494149,
          0,
          0.06405769,
          0.4772288,
          0.81979877,
          1
        ]
      },
      {
        "date" : 763325480.060455,
        "title" : "Untitled",
        "transform" : [
          0.9930239,
          -4.907892e-09,
          -0.11791419,
          0,
          -0.0035763122,
          0.9995399,
          -0.030118508,
          0,
          0.117859915,
          0.030329956,
          0.9925669,
          0,
          0.19645853,
          0.29575992,
          0.8667565,
          1
        ]
      },
      {
        "date" : 763325474.62958,
        "title" : "Untitled",
        "transform" : [
          0.9981988,
          -4.885961e-09,
          -0.059993394,
          0,
          -0.003613354,
          0.9981845,
          -0.060121328,
          0,
          0.059884448,
          0.060229674,
          0.9963866,
          0,
          0.15699995,
          0.31618038,
          0.8708944,
          1
        ]
      },
      {
        "date" : 763325455.892332,
        "title" : "Untitled",
        "transform" : [
          0.9768386,
          -5.9869434e-09,
          -0.21397762,
          0,
          -0.10296783,
          0.87660617,
          -0.47006312,
          0,
          0.18757407,
          0.48120844,
          0.85630274,
          0,
          0.22993048,
          0.59056926,
          0.70536613,
          1
        ]
      }
    ],
    "61A7FA42-C29D-4B9E-9A5C-7E857895FAA7" : [
      {
        "date" : 752498230.70831,
        "title" : "Untitled",
        "transform" : [
          0.9822548,
          3.3943124e-09,
          -0.18755138,
          0,
          -0.09223509,
          0.87071633,
          -0.48305887,
          0,
          0.16330406,
          0.49178565,
          0.8552653,
          0,
          0.41230258,
          1.2792184,
          2.1593347,
          1
        ]
      }
    ],
    "696DFAAD-0C25-4B8C-AF62-DF9E974496AF" : [
      {
        "date" : 763928515.45757,
        "title" : "Untitled",
        "transform" : [
          0.92287946,
          4.812586e-09,
          -0.38508892,
          0,
          -0.11588078,
          0.9536495,
          -0.27771246,
          0,
          0.36723992,
          0.3009196,
          0.88010365,
          0,
          0.2618361,
          0.18249533,
          0.35337746,
          1
        ]
      },
      {
        "date" : 763927489.118532,
        "title" : "Untitled",
        "transform" : [
          0.94224155,
          4.8068696e-09,
          -0.33493403,
          0,
          -0.10379993,
          0.9507654,
          -0.29201153,
          0,
          0.31844375,
          0.3099116,
          0.8958507,
          0,
          0.24188253,
          0.18651898,
          0.3652969,
          1
        ]
      },
      {
        "date" : 763927481.041399,
        "title" : "Untitled",
        "transform" : [
          0.9898361,
          1.2893077e-08,
          0.14221314,
          0,
          -0.049924314,
          0.93635577,
          0.34748462,
          0,
          -0.13316207,
          -0.3510527,
          0.9268387,
          0,
          0.12729795,
          0.008421708,
          0.4448353,
          1
        ]
      },
      {
        "date" : 763927477.141409,
        "title" : "Untitled",
        "transform" : [
          0.99005336,
          1.4684462e-08,
          0.14069279,
          0,
          -0.016580855,
          0.9930313,
          0.11667918,
          0,
          -0.13971232,
          -0.11785141,
          0.98315394,
          0,
          0.13691868,
          0.07057372,
          0.3855126,
          1
        ]
      },
      {
        "date" : 763927471.291893,
        "title" : "Untitled",
        "transform" : [
          0.9900534,
          1.4339511e-08,
          0.14069279,
          0,
          -0.016580744,
          0.99303126,
          0.11667919,
          0,
          -0.1397123,
          -0.11785148,
          0.9831538,
          0,
          -0.13972817,
          0.03139712,
          1.9244045,
          1
        ]
      },
      {
        "date" : 763927462.118026,
        "title" : "Untitled",
        "transform" : [
          0.9999477,
          5.568935e-09,
          -0.010214231,
          0,
          -0.0062109437,
          0.7938781,
          -0.60804516,
          0,
          0.008108874,
          0.6080768,
          0.7938367,
          0,
          0.11899252,
          1.2773088,
          1.5229925,
          1
        ]
      },
      {
        "date" : 763927452.296177,
        "title" : "Untitled",
        "transform" : [
          0.9645424,
          5.5349165e-09,
          -0.26392773,
          0,
          -0.21809445,
          0.5631688,
          -0.79704183,
          0,
          0.14863592,
          0.82634175,
          0.5432004,
          0,
          0.34259313,
          1.6450171,
          1.0065614,
          1
        ]
      },
      {
        "date" : 763927220.641478,
        "title" : "Untitled",
        "transform" : [
          0.96422446,
          -7.5203275e-09,
          -0.2650868,
          0,
          -0.080745965,
          0.95247966,
          -0.29370496,
          0,
          0.25248986,
          0.3046021,
          0.9184043,
          0,
          0.5274412,
          0.75949806,
