{
  "advancedEditorSelectedIdentifier" : "ProjectBrowser",
  "openSceneRelativePaths" : [
    "GestureLabs.usda",
    "SpatialTapLab.usda",
    "HandTrackingLabs.usda"
  ],
  "recentIdentifiers" : {
    "4EA577E8-CF08-4F6B-8090-61CB20667042" : [

    ],
    "61A7FA42-C29D-4B9E-9A5C-7E857895FAA7" : [

    ],
    "CB436AE6-DE73-445D-83B2-F22373E6F73A" : [

    ]
  },
  "sceneCameraHistory" : {
    "4EA577E8-CF08-4F6B-8090-61CB20667042" : [
      {
        "date" : 751842275.490995,
        "title" : "Untitled",
        "transform" : [
          0.99996895,
          -0.00043677675,
          -0.007867536,
          0,
          -0.0036516206,
          0.8590868,
          -0.51181674,
          0,
          0.0069824457,
          0.5118296,
          0.85905856,
          0,
          0,
          0.8320426,
          1.4370507,
          1
        ]
      },
      {
        "date" : 751841169.375382,
        "title" : "Untitled",
        "transform" : [
          0.99999994,
          0,
          -0,
          0,
          -0,
          0.8590841,
          -0.51183426,
          0,
          0,
          0.51183426,
          0.8590841,
          0,
          0,
          0.8320426,
          1.4370507,
          1
        ]
      }
    ],
    "61A7FA42-C29D-4B9E-9A5C-7E857895FAA7" : [
      {
        "date" : 752498230.70831,
        "title" : "Untitled",
        "transform" : [
          0.9822548,
          3.3943124e-09,
          -0.18755138,
          0,
          -0.09223509,
          0.87071633,
          -0.48305887,
          0,
          0.16330406,
          0.49178565,
          0.8552653,
          0,
          0.41230258,
          1.2792184,
          2.1593347,
          1
        ]
      }
    ],
    "CB436AE6-DE73-445D-83B2-F22373E6F73A" : [
      {
        "date" : 750717728.462959,
        "title" : "Untitled",
        "transform" : [
          0.9465038,
          7.82445e-09,
          -0.32269254,
          0,
          -0.12737851,
          0.9187944,
          -0.37361953,
          0,
          0.29648814,
          0.39473644,
          0.86964244,
          0,
          0.28029978,
          0.37404668,
          0.7075135,
          1
        ]
      },
      {
        "date" : 750717444.413219,
        "title" : "Untitled",
        "transform" : [
          0.9465038,
          7.82445e-09,
          -0.32269254,
          0,
          -0.12737851,
          0.9187944,
          -0.37361953,
          0,
          0.29648814,
          0.39473644,
          0.86964244,
          0,
          0.25422537,
          0.37061012,
          0.71796304,
          1
        ]
      },
      {
        "date" : 750715724.239927,
        "title" : "Untitled",
        "transform" : [
          0.9465038,
          7.82445e-09,
          -0.32269254,
          0,
          -0.12737851,
          0.9187944,
          -0.37361953,
          0,
          0.29648814,
          0.39473644,
          0.86964244,
          0,
          0.20536423,
          0.4124151,
          0.7156458,
          1
        ]
      },
      {
        "date" : 750713283.444223,
        "title" : "Untitled",
        "transform" : [
          0.9465038,
          7.82445e-09,
          -0.32269254,
          0,
          -0.12737851,
          0.9187944,
          -0.37361953,
          0,
          0.29648814,
          0.39473644,
          0.86964244,
          0,
          0.07065679,
          0.31538343,
          0.805615,
          1
        ]
      },
      {
        "date" : 750713281.529585,
        "title" : "Untitled",
        "transform" : [
          0.95260006,
          -2.2708786e-09,
          -0.30422556,
          0,
          -0.05851005,
          0.98133135,
          -0.1832084,
          0,
          0.2985461,
          0.1923246,
          0.93481636,
          0,
          0.0698923,
          0.14284804,
          0.8535393,
          1
        ]
      },
      {
        "date" : 750713278.820163,
        "title" : "Untitled",
        "transform" : [
          0.993386,
          2.0496789e-09,
          -0.11482344,
          0,
          -0.018722419,
          0.98661715,
          -0.16197552,
          0,
          0.11328678,
          0.16305397,
          0.98009163,
          0,
          0.0698923,
          0.14284804,
          0.8535393,
          1
        ]
      },
      {
        "date" : 750713273.39461,
        "title" : "Untitled",
        "transform" : [
          0.993386,
          -1.7047059e-09,
          -0.11482345,
          0,
          -0.018722406,
          0.9866171,
          -0.16197544,
          0,
          0.11328678,
          0.16305397,
          0.98009163,
          0,
          0.10353742,
          0.20204496,
          0.83980167,
          1
        ]
      },
      {
        "date" : 750713269.794083,
        "title" : "Untitled",
        "transform" : [
          0.993386,
          -1.7047059e-09,
          -0.11482345,
          0,
          -0.018722406,
          0.9866171,
          -0.16197544,
          0,
          0.11328678,
          0.16305397,
          0.98009163,
          0,
          0.11218888,
          0.19863349,
          0.8393692,
          1
        ]
      },
      {
        "date" : 750713266.362512,
        "title" : "Untitled",
        "transform" : [
          0.993386,
          -1.7047059e-09,
          -0.11482345,
          0,
          -0.018722406,
          0.9866171,
          -0.16197544,
          0,
          0.11328678,
          0.16305397,
          0.98009163,
          0,
          0.116813965,
          0.16162223,
          0.8449919,
          1
        ]
      },
      {
        "date" : 750713261.363484,
        "title" : "Untitled",
        "transform" : [
          0.993386,
          -1.7047059e-09,
          -0.11482345,
          0,
          -0.018722406,
          0.9866171,
          -0.16197544,
          0,
          0.11328678,
          0.16305397,
          0.98009163,
          0,
          0.09831167,
          0.14115494,
          0.8505356,
          1
        ]
      }
    ]
  },
  "sceneViewportBackgroundColors" : {

  },
  "selectedSceneRelativePath" : "HandTrackingLabs.usda"
}