{
  "advancedEditorSelectedIdentifier" : "BehaviorsPluginID",
  "openSceneRelativePaths" : [
    "AnchorLabs.usda",
    "HandTrackingLabsPhysics.usda"
  ],
  "recentIdentifiers" : {
    "04966C20-2723-4378-BCAD-327CAD4E36CF" : [

    ],
    "4629C9E9-26E2-4EAC-A682-1E379211B1A8" : [

    ],
    "4EA577E8-CF08-4F6B-8090-61CB20667042" : [

    ],
    "61A7FA42-C29D-4B9E-9A5C-7E857895FAA7" : [

    ],
    "7CCDFE09-BCF8-4A48-99D6-A1740674C1D0" : [

    ],
    "A72E7856-797B-4E44-AAE6-A7A3C948CBC4" : [

    ],
    "AE94BE0E-4164-40A7-B2A3-B2F32F073A3A" : [

    ],
    "CB436AE6-DE73-445D-83B2-F22373E6F73A" : [

    ],
    "DF287A2A-5B5F-4F10-85D9-721B72452257" : [

    ]
  },
  "sceneCameraHistory" : {
    "4629C9E9-26E2-4EAC-A682-1E379211B1A8" : [
      {
        "date" : 757420894.646689,
        "title" : "Untitled",
        "transform" : [
          0.99997896,
          -2.9709074e-10,
          -0.0064824484,
          0,
          -0.0053369305,
          0.5676219,
          -0.82327205,
          0,
          0.00367958,
          0.82328933,
          0.56760997,
          0,
          0.00013029575,
          0.10762215,
          0.029786676,
          1
        ]
      },
      {
        "date" : 757420791.056145,
        "title" : "Untitled",
        "transform" : [
          0.99997896,
          -5.299214e-10,
          -0.0064824484,
          0,
          -0.00533693,
          0.5676219,
          -0.82327205,
          0,
          0.0036795803,
          0.82328933,
          0.56760997,
          0,
          -0.31480002,
          1.2381107,
          -0.15106635,
          1
        ]
      },
      {
        "date" : 757419924.389263,
        "title" : "Untitled",
        "transform" : [
          0.999979,
          -4.6813053e-10,
          -0.0064824484,
          0,
          -0.0053369305,
          0.5676219,
          -0.82327205,
          0,
          0.00367958,
          0.82328933,
          0.56760997,
          0,
          0.00020002358,
          0.07303207,
          0.045680296,
          1
        ]
      },
      {
        "date" : 757419921.75182,
        "title" : "Untitled",
        "transform" : [
          0.999979,
          -4.6813053e-10,
          -0.0064824484,
          0,
          -0.0053369305,
          0.5676219,
          -0.82327205,
          0,
          0.00367958,
          0.82328933,
          0.56760997,
          0,
          6.521493e-05,
          0.023811102,
          0.014893431,
          1
        ]
      },
      {
        "date" : 757419706.82353,
        "title" : "Untitled",
        "transform" : [
          0.999979,
          -4.106423e-10,
          -0.006482449,
          0,
          -0.005336889,
          0.5676218,
          -0.8232721,
          0,
          0.003679526,
          0.8232894,
          0.5676099,
          0,
          -0.10026924,
          1.298744,
          0.044818282,
          1
        ]
      },
      {
        "date" : 757419701.397706,
        "title" : "Untitled",
        "transform" : [
          0.999979,
          -4.106423e-10,
          -0.006482449,
          0,
          -0.005336889,
          0.5676218,
          -0.8232721,
          0,
          0.0036795265,
          0.8232895,
          0.56760997,
          0,
          -0.14518966,
          1.3097181,
          0.029191941,
          1
        ]
      },
      {
        "date" : 757419685.2059,
        "title" : "Untitled",
        "transform" : [
          0.9799176,
          -4.089769e-10,
          -0.1994032,
          0,
          -0.15782972,
          0.6111553,
          -0.7756152,
          0,
          0.12186627,
          0.79151076,
          0.59888184,
          0,
          -0.0816111,
          1.2914727,
          0.006013125,
          1
        ]
      },
      {
        "date" : 757419680.344738,
        "title" : "Untitled",
        "transform" : [
          0.9799176,
          -4.089769e-10,
          -0.1994032,
          0,
          -0.15782972,
          0.6111553,
          -0.7756152,
          0,
          0.12186627,
          0.79151076,
          0.59888184,
          0,
          -0.49327374,
          1.3275514,
          0.04209912,
          1
        ]
      },
      {
        "date" : 757419078.473834,
        "title" : "Untitled",
        "transform" : [
          0.8640293,
          -6.850769e-10,
          -0.5034416,
          0,
          -0.36152434,
          0.6959339,
          -0.62046456,
          0,
          0.35036203,
          0.7181059,
          0.6013073,
          0,
          0.007814661,
          1.2566011,
          -0.050254524,
          1
        ]
      },
      {
        "date" : 757419047.271882,
        "title" : "Untitled",
        "transform" : [
          0.8640293,
          -6.850769e-10,
          -0.5034416,
          0,
          -0.36152434,
          0.6959339,
          -0.62046456,
          0,
          0.35036203,
          0.7181059,
          0.6013073,
          0,
          0.10327545,
          1.2377794,
          -0.083398744,
          1
        ]
      }
    ],
    "4EA577E8-CF08-4F6B-8090-61CB20667042" : [
      {
        "date" : 751842275.490995,
        "title" : "Untitled",
        "transform" : [
          0.99996895,
          -0.00043677675,
          -0.007867536,
          0,
          -0.0036516206,
          0.8590868,
          -0.51181674,
          0,
          0.0069824457,
          0.5118296,
          0.85905856,
          0,
          0,
          0.8320426,
          1.4370507,
          1
        ]
      },
      {
        "date" : 751841169.375382,
        "title" : "Untitled",
        "transform" : [
          0.99999994,
          0,
          -0,
          0,
          -0,
          0.8590841,
          -0.51183426,
          0,
          0,
          0.51183426,
          0.8590841,
          0,
          0,
          0.8320426,
          1.4370507,
          1
        ]
      }
    ],
    "61A7FA42-C29D-4B9E-9A5C-7E857895FAA7" : [
      {
        "date" : 752498230.70831,
        "title" : "Untitled",
        "transform" : [
          0.9822548,
          3.3943124e-09,
          -0.18755138,
          0,
          -0.09223509,
          0.87071633,
          -0.48305887,
          0,
          0.16330406,
          0.49178565,
          0.8552653,
          0,
          0.41230258,
          1.2792184,
          2.1593347,
          1
        ]
      }
    ],
    "7CCDFE09-BCF8-4A48-99D6-A1740674C1D0" : [
      {
        "date" : 755822852.296031,
        "title" : "Untitled",
        "transform" : [
          0.9993717,
          -1.788361e-10,
          0.035442773,
          0,
          0.011007467,
          0.9505505,
          -0.310375,
          0,
          -0.03369012,
          0.3105702,
          0.94995326,
          0,
          -0.048555803,
          1.3822674,
          1.906775,
          1
        ]
      },
      {
        "date" : 755822838.531648,
        "title" : "Untitled",
        "transform" : [
          0.99997777,
          -3.410983e-10,
          -0.0066663213,
          0,
          -0.0041358043,
          0.7842834,
          -0.6203889,
          0,
          0.0052283076,
          0.6204028,
          0.784266,
          0,
          0.027794674,
          1.9570242,
          1.3107611,
          1
        ]
      },
      {
        "date" : 755822835.413188,
        "title" : "Untitled",
        "transform" : [
          0.9999779,
          -3.4109832e-10,
          -0.0066663222,
          0,
          -0.0041358043,
          0.7842834,
          -0.6203889,
          0,
          0.0052283076,
          0.6204028,
          0.784266,
          0,
          0.07452257,
          1.46839,
          1.6969895,
          1
        ]
      },
      {
        "date" : 755822827.879116,
        "title" : "Untitled",
        "transform" : [
          0.9895956,
          -3.6618308e-10,
          -0.14387746,
          0,
          -0.054817148,
          0.9245756,
          -0.37703478,
          0,
          0.1330256,
          0.38099888,
          0.91495585,
          0,
          0.3554291,
          0.9454041,
          2.0053372,
          1
        ]
      },
      {
        "date" : 755820970.670183,
        "title" : "Untitled",
        "transform" : [
          1,
          0,
          0,
          0,
          0,
          0.7071069,
          -0.70710677,
          0,
          0,
          0.70710677,
          0.7071069,
          0,
          0.005657196,
          1.8688024,
          1.7887782,
          1
        ]
      }
    ],
    "8D6C6740-C961-4F60-8D1A-50E5627793EC" : [
      {
        "date" : 756489784.884936,
        "title" : "Untitled",
        "transform" : [
          0.5855075,
          2.6063607e-09,
          -0.810667,
          0,
          -0.6302119,
          0.6290076,
          -0.4551731,
          0,
          0.5099156,
          0.7773992,
          0.36828867,
          0,
          1.3187948,
          2.0105877,
          0.9525049,
          1
        ]
      }
    ],
    "A72E7856-797B-4E44-AAE6-A7A3C948CBC4" : [
      {
        "date" : 756473105.299508,
        "title" : "Untitled",
        "transform" : [
          0.8879402,
          9.047828e-10,
          -0.45995876,
          0,
          -0.20058969,
          0.8998965,
          -0.38723367,
          0,
          0.4139154,
          0.43610346,
          0.7990544,
          0,
          0.9666218,
          1.723726,
          1.2052052,
          1
        ]
      },
      {
        "date" : 756472827.319521,
        "title" : "Untitled",
        "transform" : [
          0.99705255,
          -3.3715422e-09,
          -0.07672132,
          0,
          -0.050898936,
          0.748243,
          -0.66146934,
          0,
          0.05740626,
          0.66342485,
          0.7460376,
          0,
          0.2819993,
          2.1788626,
          1.2015122,
          1
        ]
      },
      {
        "date" : 756472819.487177,
        "title" : "Untitled",
        "transform" : [
          0.93224895,
          4.632379e-10,
          -0.36181754,
          0,
          -0.33708963,
          0.36334106,
          -0.8685354,
          0,
          0.13146321,
          0.93165624,
          0.33872426,
          0,
          0.38479364,
          2.5651083,
          0.5980738,
          1
        ]
      },
      {
        "date" : 756471508.625328,
        "title" : "Untitled",
        "transform" : [
          0.9469181,
          5.5557864e-10,
          -0.32147497,
          0,
          -0.28166872,
          0.48199123,
          -0.82966685,
          0,
          0.15494816,
          0.8761761,
          0.45640618,
          0,
          0.42072013,
          2.4639797,
          0.7936573,
          1
        ]
      },
      {
        "date" : 756220896.648973,
        "title" : "Untitled",
        "transform" : [
          0.9469182,
          5.555787e-10,
          -0.321475,
          0,
          -0.28166875,
          0.4819913,
          -0.829667,
          0,
          0.15494816,
          0.8761761,
          0.45640618,
          0,
          0.40074232,
          2.2660542,
          1.1804032,
          1
        ]
      },
      {
        "date" : 756086147.182436,
        "title" : "Untitled",
        "transform" : [
          0.8597079,
          -7.8085327e-10,
          -0.5107861,
          0,
          -0.4076247,
          0.6026125,
          -0.68607605,
          0,
          0.30780607,
          0.798034,
          0.5180706,
          0,
          0.7960788,
          2.0639553,
          1.339886,
          1
        ]
      },
      {
        "date" : 756086144.831975,
        "title" : "Untitled",
        "transform" : [
          0.8588591,
          3.3719116e-10,
          -0.512212,
          0,
          -0.4138974,
          0.5891019,
          -0.69400865,
          0,
          0.301745,
          0.80805874,
          0.5059555,
          0,
          0.78040314,
          2.0898824,
          1.3085527,
          1
        ]
      },
      {
        "date" : 755526959.928274,
        "title" : "Untitled",
        "transform" : [
          0.96374184,
          2.834799e-11,
          -0.26683635,
          0,
          -0.19573197,
          0.6796592,
          -0.7069317,
          0,
          0.18135777,
          0.7335281,
          0.655016,
          0,
          0.4690456,
          1.8971236,
          1.6940677,
          1
        ]
      }
    ],
    "AE94BE0E-4164-40A7-B2A3-B2F32F073A3A" : [
      {
        "date" : 757946125.448958,
        "title" : "Untitled",
        "transform" : [
          0.7380117,
          -3.0547206e-08,
          0.67478794,
          0,
          -0.01373771,
          0.9997928,
          0.015024899,
          0,
          -0.67464805,
          -0.020358652,
          0.7378588,
          0,
          -1.3631344,
          0.12788197,
          0.5867873,
          1
        ]
      },
      {
        "date" : 757946102.817083,
        "title" : "Untitled",
        "transform" : [
          0.082404934,
          -3.3341465e-08,
          0.99659896,
          0,
          0.18447609,
          0.9827187,
          -0.015253595,
          0,
          -0.9793763,
          0.18510558,
          0.08098085,
          0,
          -1.3437607,
          0.40260512,
          -0.50102365,
          1
        ]
      },
      {
        "date" : 757946100.268093,
        "title" : "Untitled",
        "transform" : [
          0.084533855,
          -3.4002493e-08,
          0.9964206,
          0,
          0.66831,
          0.741719,
          -0.05669775,
          0,
          -0.7390641,
          0.6707107,
          0.06270037,
          0,
          -1.0361142,
          1.0735734,
          -0.5242386,
          1
        ]
      },
      {
        "date" : 757946093.200577,
        "title" : "Untitled",
        "transform" : [
          0.08453376,
          3.8672954e-10,
          0.99642056,
          0,
          0.66831,
          0.74171895,
          -0.056697704,
          0,
          -0.73906404,
          0.67071074,
          0.0627003,
          0,
          -0.7689201,
          0.4622557,
          -0.8892177,
          1
        ]
      },
      {
        "date" : 757946091.016949,
        "title" : "Untitled",
        "transform" : [
          0.9955018,
          6.153078e-12,
          0.09474217,
          0,
          0.07196351,
          0.65042305,
          -0.75615543,
          0,
          -0.061622493,
          0.7595721,
          0.64749736,
          0,
          -0.047402795,
          0.55683196,
          -0.26731372,
          1
        ]
      },
      {
        "date" : 757946084.849077,
        "title" : "Untitled",
        "transform" : [
          0.9955018,
          6.153078e-12,
          0.09474217,
          0,
          0.07196351,
          0.65042305,
          -0.75615543,
          0,
          -0.061622493,
          0.7595721,
          0.64749736,
          0,
          -0.0474028,
          0.55683184,
          0.7070014,
          1
        ]
      },
      {
        "date" : 757940265.501072,
        "title" : "Untitled",
        "transform" : [
          0.9955018,
          1.3951823e-10,
          0.09474217,
          0,
          0.07196351,
          0.6504231,
          -0.75615543,
          0,
          -0.061622497,
          0.7595721,
          0.6474974,
          0,
          0.8336903,
          2.3232343,
          0.07958388,
          1
        ]
      },
      {
        "date" : 757939493.029575,
        "title" : "Untitled",
        "transform" : [
          0.9955018,
          1.3951823e-10,
          0.09474217,
          0,
          0.07196351,
          0.6504231,
          -0.75615543,
          0,
          -0.061622497,
          0.7595721,
          0.6474974,
          0,
          0.91307914,
          2.4714065,
          -0.08667964,
          1
        ]
      },
      {
        "date" : 757939486.290547,
        "title" : "Untitled",
        "transform" : [
          1,
          0,
          -0,
          0,
          -0,
          0.7071069,
          -0.7071067,
          0,
          0,
          0.7071067,
          0.7071069,
          0,
          1,
          2.3974018,
          -0.0025981069,
          1
        ]
      },
      {
        "date" : 757801925.142131,
        "title" : "Untitled",
        "transform" : [
          1,
          0,
          0,
          0,
          0,
          0.7071069,
          -0.7071067,
          0,
          0,
          0.7071067,
          0.7071069,
          0,
          1,
          1.5926821,
          -0.8073178,
          1
        ]
      }
    ],
    "CB436AE6-DE73-445D-83B2-F22373E6F73A" : [
      {
        "date" : 750717728.462959,
        "title" : "Untitled",
        "transform" : [
          0.9465038,
          7.82445e-09,
          -0.32269254,
          0,
          -0.12737851,
          0.9187944,
          -0.37361953,
          0,
          0.29648814,
          0.39473644,
          0.86964244,
          0,
          0.28029978,
          0.37404668,
          0.7075135,
          1
        ]
      },
      {
        "date" : 750717444.413219,
        "title" : "Untitled",
        "transform" : [
          0.9465038,
          7.82445e-09,
          -0.32269254,
          0,
          -0.12737851,
          0.9187944,
          -0.37361953,
          0,
          0.29648814,
          0.39473644,
          0.86964244,
          0,
          0.25422537,
          0.37061012,
          0.71796304,
          1
        ]
      },
      {
        "date" : 750715724.239927,
        "title" : "Untitled",
        "transform" : [
          0.9465038,
          7.82445e-09,
          -0.32269254,
          0,
          -0.12737851,
          0.9187944,
          -0.37361953,
          0,
          0.29648814,
          0.39473644,
          0.86964244,
          0,
          0.20536423,
          0.4124151,
          0.7156458,
          1
        ]
      },
      {
        "date" : 750713283.444223,
        "title" : "Untitled",
        "transform" : [
          0.9465038,
          7.82445e-09,
          -0.32269254,
          0,
          -0.12737851,
          0.9187944,
          -0.37361953,
          0,
          0.29648814,
          0.39473644,
          0.86964244,
          0,
          0.07065679,
          0.31538343,
          0.805615,
          1
        ]
      },
      {
        "date" : 750713281.529585,
        "title" : "Untitled",
        "transform" : [
          0.95260006,
          -2.2708786e-09,
          -0.30422556,
          0,
          -0.05851005,
          0.98133135,
          -0.1832084,
          0,
          0.2985461,
          0.1923246,
          0.93481636,
          0,
          0.0698923,
          0.14284804,
          0.8535393,
          1
        ]
      },
      {
        "date" : 750713278.820163,
        "title" : "Untitled",
        "transform" : [
          0.993386,
          2.0496789e-09,
          -0.11482344,
          0,
          -0.018722419,
          0.98661715,
          -0.16197552,
          0,
          0.11328678,
          0.16305397,
          0.98009163,
          0,
          0.0698923,
          0.14284804,
          0.8535393,
          1
        ]
      },
      {
        "date" : 750713273.39461,
        "title" : "Untitled",
        "transform" : [
          0.993386,
          -1.7047059e-09,
          -0.11482345,
          0,
          -0.018722406,
          0.9866171,
          -0.16197544,
          0,
          0.11328678,
          0.16305397,
          0.98009163,
          0,
          0.10353742,
          0.20204496,
          0.83980167,
          1
        ]
      },
      {
        "date" : 750713269.794083,
        "title" : "Untitled",
        "transform" : [
          0.993386,
          -1.7047059e-09,
          -0.11482345,
          0,
          -0.018722406,
          0.9866171,
          -0.16197544,
          0,
          0.11328678,
          0.16305397,
          0.98009163,
          0,
          0.11218888,
          0.19863349,
          0.8393692,
          1
        ]
      },
      {
        "date" : 750713266.362512,
        "title" : "Untitled",
        "transform" : [
          0.993386,
          -1.7047059e-09,
          -0.11482345,
          0,
          -0.018722406,
          0.9866171,
          -0.16197544,
          0,
          0.11328678,
          0.16305397,
          0.98009163,
          0,
          0.116813965,
          0.16162223,
          0.8449919,
          1
        ]
      },
      {
        "date" : 750713261.363484,
        "title" : "Untitled",
        "transform" : [
          0.993386,
          -1.7047059e-09,
          -0.11482345,
          0,
          -0.018722406,
          0.9866171,
          -0.16197544,
          0,
          0.11328678,
          0.16305397,
          0.98009163,
          0,
          0.09831167,
          0.14115494,
          0.8505356,
          1
        ]
      }
    ],
    "DF287A2A-5B5F-4F10-85D9-721B72452257" : [
      {
        "date" : 756647199.131699,
        "title" : "Untitled",
        "transform" : [
          0.5788896,
          1.0576947e-08,
          -0.81540585,
          0,
          -0.3861813,
          0.88073677,
          -0.27416566,
          0,
          0.718158,
          0.47360602,
          0.5098494,
          0,
          2.6892197,
          1.4389161,
          0.81561464,
          1
        ]
      },
      {
        "date" : 756647193.834944,
        "title" : "Untitled",
        "transform" : [
          -0.07555727,
          5.4547917e-09,
          -0.9971414,
          0,
          -0.32395536,
          0.9457539,
          0.024547398,
          0,
          0.94305044,
          0.3248839,
          -0.071458675,
          0,
          2.9345706,
          0.728878,
          -0.83293,
          1
        ]
      },
      {
        "date" : 756647171.204872,
        "title" : "Untitled",
        "transform" : [
          0.11654463,
          5.2261644e-09,
          -0.9931854,
          0,
          -0.38279527,
          0.92274064,
          -0.044918787,
          0,
          0.9164525,
          0.38542154,
          0.10754036,
          0,
          2.9866161,
          0.920836,
          -0.26253587,
          1
        ]
      },
      {
        "date" : 756647169.355679,
        "title" : "Untitled",
        "transform" : [
          0.13574599,
          5.2031535e-09,
          -0.99074364,
          0,
          -0.35678867,
          0.93290514,
          -0.04888507,
          0,
          0.92427,
          0.36012185,
          0.12663804,
          0,
          2.9816878,
          0.83758664,
          -0.2035923,
          1
        ]
      },
      {
        "date" : 756646972.392289,
        "title" : "Untitled",
        "transform" : [
          0.9973176,
          5.34288e-09,
          -0.07319674,
          0,
          -0.029439338,
          0.91555446,
          -0.4011151,
          0,
          0.0670157,
          0.40219378,
          0.9130986,
          0,
          -0.12797114,
          0.9763925,
          2.091498,
          1
        ]
      },
      {
        "date" : 756646958.416365,
        "title" : "Untitled",
        "transform" : [
          -0.08946976,
          3.731542e-09,
          -0.99598956,
          0,
          -0.66155005,
          0.7475425,
          0.0594271,
          0,
          0.7445447,
          0.66421384,
          -0.06688256,
          0,
          2.778597,
          1.890028,
          -0.8635959,
          1
        ]
      },
      {
        "date" : 756646838.4893,
        "title" : "Untitled",
        "transform" : [
          0.9937271,
          2.9059093e-09,
          -0.111832775,
          0,
          -0.053271346,
          0.8792569,
          -0.47335973,
          0,
          0.09832984,
          0.47634777,
          0.8737414,
          0,
          -0.25504738,
          1.2373675,
          1.7604712,
          1
        ]
      },
      {
        "date" : 756646812.71505,
        "title" : "Untitled",
        "transform" : [
          0.06295351,
          4.4182933e-09,
          -0.9980165,
          0,
          -0.6362756,
          0.7704172,
          -0.040135343,
          0,
          0.768889,
          0.6375401,
          0.04850037,
          0,
          1.9473265,
          1.6484635,
          0.124457955,
          1
        ]
      },
      {
        "date" : 756646768.434206,
        "title" : "Untitled",
        "transform" : [
          0.89368445,
          4.6807287e-09,
          -0.44869602,
          0,
          -0.21237923,
          0.8808878,
          -0.42300346,
          0,
          0.39525092,
          0.47332525,
          0.7872356,
          0,
          -0.10572199,
          1.2326013,
          1.2633562,
          1
        ]
      },
      {
        "date" : 756646758.767998,
        "title" : "Untitled",
        "transform" : [
          0.8864234,
          8.456e-09,
          -0.46287557,
          0,
          -0.32358867,
          0.7150402,
          -0.6196838,
          0,
          0.33097467,
          0.6990833,
          0.6338282,
          0,
          -0.16151784,
          1.8132089,
          1.0826721,
          1
        ]
      }
    ]
  },
  "sceneViewportBackgroundColors" : {

  },
  "selectedSceneRelativePath" : "AnchorLabs.usda"
}