{
  "advancedEditorSelectedIdentifier" : "ProjectBrowser",
  "openSceneRelativePaths" : [
    "Immersive.usda",
    "GestureLabs.usda"
  ],
  "recentIdentifiers" : {
    "CB436AE6-DE73-445D-83B2-F22373E6F73A" : [

    ]
  },
  "sceneCameraHistory" : {
    "CB436AE6-DE73-445D-83B2-F22373E6F73A" : [
      {
        "date" : 750713283.444223,
        "title" : "Untitled",
        "transform" : [
          0.9465038,
          7.82445e-09,
          -0.32269254,
          0,
          -0.12737851,
          0.9187944,
          -0.37361953,
          0,
          0.29648814,
          0.39473644,
          0.86964244,
          0,
          0.07065679,
          0.31538343,
          0.805615,
          1
        ]
      },
      {
        "date" : 750713281.529585,
        "title" : "Untitled",
        "transform" : [
          0.95260006,
          -2.2708786e-09,
          -0.30422556,
          0,
          -0.05851005,
          0.98133135,
          -0.1832084,
          0,
          0.2985461,
          0.1923246,
          0.93481636,
          0,
          0.0698923,
          0.14284804,
          0.8535393,
          1
        ]
      },
      {
        "date" : 750713278.820163,
        "title" : "Untitled",
        "transform" : [
          0.993386,
          2.0496789e-09,
          -0.11482344,
          0,
          -0.018722419,
          0.98661715,
          -0.16197552,
          0,
          0.11328678,
          0.16305397,
          0.98009163,
          0,
          0.0698923,
          0.14284804,
          0.8535393,
          1
        ]
      },
      {
        "date" : 750713273.39461,
        "title" : "Untitled",
        "transform" : [
          0.993386,
          -1.7047059e-09,
          -0.11482345,
          0,
          -0.018722406,
          0.9866171,
          -0.16197544,
          0,
          0.11328678,
          0.16305397,
          0.98009163,
          0,
          0.10353742,
          0.20204496,
          0.83980167,
          1
        ]
      },
      {
        "date" : 750713269.794083,
        "title" : "Untitled",
        "transform" : [
          0.993386,
          -1.7047059e-09,
          -0.11482345,
          0,
          -0.018722406,
          0.9866171,
          -0.16197544,
          0,
          0.11328678,
          0.16305397,
          0.98009163,
          0,
          0.11218888,
          0.19863349,
          0.8393692,
          1
        ]
      },
      {
        "date" : 750713266.362512,
        "title" : "Untitled",
        "transform" : [
          0.993386,
          -1.7047059e-09,
          -0.11482345,
          0,
          -0.018722406,
          0.9866171,
          -0.16197544,
          0,
          0.11328678,
          0.16305397,
          0.98009163,
          0,
          0.116813965,
          0.16162223,
          0.8449919,
          1
        ]
      },
      {
        "date" : 750713261.363484,
        "title" : "Untitled",
        "transform" : [
          0.993386,
          -1.7047059e-09,
          -0.11482345,
          0,
          -0.018722406,
          0.9866171,
          -0.16197544,
          0,
          0.11328678,
          0.16305397,
          0.98009163,
          0,
          0.09831167,
          0.14115494,
          0.8505356,
          1
        ]
      },
      {
        "date" : 750713239.445497,
        "title" : "Untitled",
        "transform" : [
          0.9998287,
          -1.9290112e-09,
          -0.01850866,
          0,
          -0.0005045017,
          0.9996284,
          -0.02725325,
          0,
          0.018501764,
          0.027257988,
          0.99945724,
          0,
          0.016057717,
          0.023303434,
          0.8674304,
          1
        ]
      },
      {
        "date" : 750713210.823209,
        "title" : "Untitled",
        "transform" : [
          0.9934157,
          -2.1652031e-09,
          -0.114564635,
          0,
          -0.037609596,
          0.9445795,
          -0.32612133,
          0,
          0.1082154,
          0.32828286,
          0.9383602,
          0,
          0.09393257,
          0.28457993,
          0.8145105,
          1
        ]
      },
      {
        "date" : 750713170.461604,
        "title" : "Untitled",
        "transform" : [
          0.9933509,
          -2.1652031e-09,
          -0.11512548,
          0,
          -0.03779371,
          0.9445795,
          -0.32610005,
          0,
          0.108745165,
          0.32828286,
          0.938299,
          0,
          0.2812727,
          0.8489878,
          2.426939,
          1
        ]
      }
    ]
  },
  "sceneViewportBackgroundColors" : {

  },
  "selectedSceneRelativePath" : "GestureLabs.usda"
}