{
  "advancedEditorSelectedIdentifier" : "BehaviorsPluginID",
  "openSceneRelativePaths" : [
    "CollisionModes.usda",
    "CollisionEvents.usda",
    "PhysicsBodyBasics.usda"
  ],
  "recentIdentifiers" : {
    "04966C20-2723-4378-BCAD-327CAD4E36CF" : [

    ],
    "04CE6D61-872A-4ADA-A754-31532C1C7C6B" : [

    ],
    "4629C9E9-26E2-4EAC-A682-1E379211B1A8" : [

    ],
    "4EA577E8-CF08-4F6B-8090-61CB20667042" : [

    ],
    "600AEC97-5E5E-45BD-ADD1-EEDE58FCC8ED" : [

    ],
    "61A7FA42-C29D-4B9E-9A5C-7E857895FAA7" : [

    ],
    "696DFAAD-0C25-4B8C-AF62-DF9E974496AF" : [

    ],
    "778FA43A-6A2D-424F-B03A-A6861C0B3F6C" : [

    ],
    "7CCDFE09-BCF8-4A48-99D6-A1740674C1D0" : [

    ],
    "8C9AB247-99A8-4A91-B3B3-76F51BA0FBA3" : [

    ],
    "96ADE60A-91E0-421B-B07E-724131EAECB0" : [

    ],
    "97EA406E-347D-4FB5-9DD3-8B7FF5700EC0" : [

    ],
    "A72E7856-797B-4E44-AAE6-A7A3C948CBC4" : [

    ],
    "AE94BE0E-4164-40A7-B2A3-B2F32F073A3A" : [

    ],
    "CB436AE6-DE73-445D-83B2-F22373E6F73A" : [

    ],
    "D1A81AFB-C759-4B04-83BE-88EDFE530847" : [

    ],
    "DF287A2A-5B5F-4F10-85D9-721B72452257" : [

    ]
  },
  "sceneCameraHistory" : {
    "04CE6D61-872A-4ADA-A754-31532C1C7C6B" : [
      {
        "date" : 763486967.107723,
        "title" : "Untitled",
        "transform" : [
          0.9996163,
          1.5580071e-09,
          0.027696492,
          0,
          0.0018795389,
          0.9976947,
          -0.067836754,
          0,
          -0.027632581,
          0.06786282,
          0.99731183,
          0,
          -0.012537058,
          0.210463,
          1.5200253,
          1
        ]
      },
      {
        "date" : 763486965.553713,
        "title" : "Untitled",
        "transform" : [
          0.9589278,
          1.5277228e-09,
          0.2836501,
          0,
          -0.008787154,
          0.99952006,
          0.029706404,
          0,
          -0.28351393,
          -0.03097874,
          0.95846766,
          0,
          -0.40652362,
          0.059374254,
          1.4785608,
          1
        ]
      },
      {
        "date" : 763486357.159708,
        "title" : "Untitled",
        "transform" : [
          0.999503,
          -7.0270817e-10,
          -0.031523623,
          0,
          -0.005192015,
          0.98634344,
          -0.16461983,
          0,
          0.031093135,
          0.16470173,
          0.9858532,
          0,
          0.07658782,
          0.3574688,
          1.4903955,
          1
        ]
      },
      {
        "date" : 763485217.271321,
        "title" : "Untitled",
        "transform" : [
          0.9995029,
          -7.0270806e-10,
          -0.03152362,
          0,
          -0.005192015,
          0.98634344,
          -0.16461983,
          0,
          0.031093135,
          0.16470173,
          0.9858532,
          0,
          0.053924445,
          0.23741995,
          0.7718204,
          1
        ]
      },
      {
        "date" : 763485130.549615,
        "title" : "Untitled",
        "transform" : [
          0.99700254,
          -6.997105e-10,
          0.07736812,
          0,
          0.01692599,
          0.9757759,
          -0.21811667,
          0,
          -0.07549393,
          0.21877244,
          0.97285116,
          0,
          -0.030938327,
          0.2802451,
          0.7808398,
          1
        ]
      },
      {
        "date" : 763485112.443834,
        "title" : "Untitled",
        "transform" : [
          0.9999504,
          1.8976059e-09,
          -0.009960162,
          0,
          -0.009786713,
          0.18582265,
          -0.9825346,
          0,
          0.0018508489,
          0.98258334,
          0.18581343,
          0,
          0.030998982,
          0.88838804,
          0.14366515,
          1
        ]
      },
      {
        "date" : 763485091.750074,
        "title" : "Untitled",
        "transform" : [
          0.9957071,
          1.7737272e-09,
          -0.092560016,
          0,
          -0.054754347,
          0.8062648,
          -0.5890153,
          0,
          0.07462791,
          0.5915548,
          0.8028036,
          0,
          0.0952864,
          0.55124927,
          0.7056052,
          1
        ]
      },
      {
        "date" : 763485088.721961,
        "title" : "Untitled",
        "transform" : [
          0.9957071,
          1.7737272e-09,
          -0.092560016,
          0,
          -0.054754347,
          0.8062648,
          -0.5890153,
          0,
          0.074627906,
          0.59155476,
          0.80280346,
          0,
          0.038420185,
          0.43626308,
          0.79562026,
          1
        ]
      },
      {
        "date" : 763485067.746679,
        "title" : "Untitled",
        "transform" : [
          0.99998325,
          -5.617251e-11,
          0.0057814857,
          0,
          0.0015776614,
          0.96204674,
          -0.2728802,
          0,
          -0.005562039,
          0.2728848,
          0.9620306,
          0,
          -0.0031707692,
          0.18817396,
          0.75829005,
          1
        ]
      },
      {
        "date" : 763485066.183513,
        "title" : "Untitled",
        "transform" : [
          0.99998325,
          -5.617251e-11,
          0.0057814857,
          0,
          0.0015776614,
          0.96204674,
          -0.2728802,
          0,
          -0.005562039,
          0.2728848,
          0.9620306,
          0,
          -0.0027145545,
          0.17548737,
          0.6779625,
          1
        ]
      }
    ],
    "4629C9E9-26E2-4EAC-A682-1E379211B1A8" : [
      {
        "date" : 757420894.646689,
        "title" : "Untitled",
        "transform" : [
          0.99997896,
          -2.9709074e-10,
          -0.0064824484,
          0,
          -0.0053369305,
          0.5676219,
          -0.82327205,
          0,
          0.00367958,
          0.82328933,
          0.56760997,
          0,
          0.00013029575,
          0.10762215,
          0.029786676,
          1
        ]
      },
      {
        "date" : 757420791.056145,
        "title" : "Untitled",
        "transform" : [
          0.99997896,
          -5.299214e-10,
          -0.0064824484,
          0,
          -0.00533693,
          0.5676219,
          -0.82327205,
          0,
          0.0036795803,
          0.82328933,
          0.56760997,
          0,
          -0.31480002,
          1.2381107,
          -0.15106635,
          1
        ]
      },
      {
        "date" : 757419924.389263,
        "title" : "Untitled",
        "transform" : [
          0.999979,
          -4.6813053e-10,
          -0.0064824484,
          0,
          -0.0053369305,
          0.5676219,
          -0.82327205,
          0,
          0.00367958,
          0.82328933,
          0.56760997,
          0,
          0.00020002358,
          0.07303207,
          0.045680296,
          1
        ]
      },
      {
        "date" : 757419921.75182,
        "title" : "Untitled",
        "transform" : [
          0.999979,
          -4.6813053e-10,
          -0.0064824484,
          0,
          -0.0053369305,
          0.5676219,
          -0.82327205,
          0,
          0.00367958,
          0.82328933,
          0.56760997,
          0,
          6.521493e-05,
          0.023811102,
          0.014893431,
          1
        ]
      },
      {
        "date" : 757419706.82353,
        "title" : "Untitled",
        "transform" : [
          0.999979,
          -4.106423e-10,
          -0.006482449,
          0,
          -0.005336889,
          0.5676218,
          -0.8232721,
          0,
          0.003679526,
          0.8232894,
          0.5676099,
          0,
          -0.10026924,
          1.298744,
          0.044818282,
          1
        ]
      },
      {
        "date" : 757419701.397706,
        "title" : "Untitled",
        "transform" : [
          0.999979,
          -4.106423e-10,
          -0.006482449,
          0,
          -0.005336889,
          0.5676218,
          -0.8232721,
          0,
          0.0036795265,
          0.8232895,
          0.56760997,
          0,
          -0.14518966,
          1.3097181,
          0.029191941,
          1
        ]
      },
      {
        "date" : 757419685.2059,
        "title" : "Untitled",
        "transform" : [
          0.9799176,
          -4.089769e-10,
          -0.1994032,
          0,
          -0.15782972,
          0.6111553,
          -0.7756152,
          0,
          0.12186627,
          0.79151076,
          0.59888184,
          0,
          -0.0816111,
          1.2914727,
          0.006013125,
          1
        ]
      },
      {
        "date" : 757419680.344738,
        "title" : "Untitled",
        "transform" : [
          0.9799176,
          -4.089769e-10,
          -0.1994032,
          0,
          -0.15782972,
          0.6111553,
          -0.7756152,
          0,
          0.12186627,
          0.79151076,
          0.59888184,
          0,
          -0.49327374,
          1.3275514,
          0.04209912,
          1
        ]
      },
      {
        "date" : 757419078.473834,
        "title" : "Untitled",
        "transform" : [
          0.8640293,
          -6.850769e-10,
          -0.5034416,
          0,
          -0.36152434,
          0.6959339,
          -0.62046456,
          0,
          0.35036203,
          0.7181059,
          0.6013073,
          0,
          0.007814661,
          1.2566011,
          -0.050254524,
          1
        ]
      },
      {
        "date" : 757419047.271882,
        "title" : "Untitled",
        "transform" : [
          0.8640293,
          -6.850769e-10,
          -0.5034416,
          0,
          -0.36152434,
          0.6959339,
          -0.62046456,
          0,
          0.35036203,
          0.7181059,
          0.6013073,
          0,
          0.10327545,
          1.2377794,
          -0.083398744,
          1
        ]
      }
    ],
    "4EA577E8-CF08-4F6B-8090-61CB20667042" : [
      {
        "date" : 751842275.490995,
        "title" : "Untitled",
        "transform" : [
          0.99996895,
          -0.00043677675,
          -0.007867536,
          0,
          -0.0036516206,
          0.8590868,
          -0.51181674,
          0,
          0.0069824457,
          0.5118296,
          0.85905856,
          0,
          0,
          0.8320426,
          1.4370507,
          1
        ]
      },
      {
        "date" : 751841169.375382,
        "title" : "Untitled",
        "transform" : [
          0.99999994,
          0,
          -0,
          0,
          -0,
          0.8590841,
          -0.51183426,
          0,
          0,
          0.51183426,
          0.8590841,
          0,
          0,
          0.8320426,
          1.4370507,
          1
        ]
      }
    ],
    "600AEC97-5E5E-45BD-ADD1-EEDE58FCC8ED" : [
      {
        "date" : 763329684.485846,
        "title" : "Untitled",
        "transform" : [
          0.8824465,
          -3.0381702e-09,
          -0.4704127,
          0,
          -0.28671247,
          0.7927927,
          -0.5378436,
          0,
          0.3729398,
          0.6094913,
          0.6995972,
          0,
          0.54916984,
          0.82230145,
          0.54701686,
          1
        ]
      },
      {
        "date" : 763329659.88879,
        "title" : "Untitled",
        "transform" : [
          0.9846536,
          -3.2979228e-09,
          -0.17452027,
          0,
          -0.11240006,
          0.7649819,
          -0.6341679,
          0,
          0.13350488,
          0.6440517,
          0.75324225,
          0,
          0.28670457,
          0.86243093,
          0.6543299,
          1
        ]
      },
      {
        "date" : 763326407.276617,
        "title" : "Untitled",
        "transform" : [
          0.99291116,
          -2.9034026e-09,
          0.11885894,
          0,
          0.032658253,
          0.96151155,
          -0.27281678,
          0,
          -0.11428424,
          0.27476442,
          0.9546956,
          0,
          0.00582029,
          0.44425565,
          0.8720922,
          1
        ]
      },
      {
        "date" : 763326400.550107,
        "title" : "Untitled",
        "transform" : [
          0.9999942,
          -5.5477276e-09,
          0.0033720254,
          0,
          -0.00013802368,
          0.99916154,
          0.04094054,
          0,
          -0.0033691907,
          -0.040940903,
          0.9991559,
          0,
          0.08319049,
          0.21886277,
          0.93344057,
          1
        ]
      },
      {
        "date" : 763325555.010483,
        "title" : "Untitled",
        "transform" : [
          0.9649154,
          -5.6004383e-09,
          0.26256067,
          0,
          0.05709835,
          0.9760676,
          -0.2098374,
          0,
          -0.256277,
          0.21746701,
          0.9418228,
          0,
          -0.097022116,
          0.40430516,
          0.88281864,
          1
        ]
      },
      {
        "date" : 763325487.155824,
        "title" : "Untitled",
        "transform" : [
          0.9963867,
          -5.6461875e-09,
          0.08493358,
          0,
          0.025770295,
          0.9528579,
          -0.3023203,
          0,
          -0.08092963,
          0.30341652,
          0.9494149,
          0,
          0.06405769,
          0.4772288,
          0.81979877,
          1
        ]
      },
      {
        "date" : 763325480.060455,
        "title" : "Untitled",
        "transform" : [
          0.9930239,
          -4.907892e-09,
          -0.11791419,
          0,
          -0.0035763122,
          0.9995399,
          -0.030118508,
          0,
          0.117859915,
          0.030329956,
          0.9925669,
          0,
          0.19645853,
          0.29575992,
          0.8667565,
          1
        ]
      },
      {
        "date" : 763325474.62958,
        "title" : "Untitled",
        "transform" : [
          0.9981988,
          -4.885961e-09,
          -0.059993394,
          0,
          -0.003613354,
          0.9981845,
          -0.060121328,
          0,
          0.059884448,
          0.060229674,
          0.9963866,
          0,
          0.15699995,
          0.31618038,
          0.8708944,
          1
        ]
      },
      {
        "date" : 763325455.892332,
        "title" : "Untitled",
        "transform" : [
          0.9768386,
          -5.9869434e-09,
          -0.21397762,
          0,
          -0.10296783,
          0.87660617,
          -0.47006312,
          0,
          0.18757407,
          0.48120844,
          0.85630274,
          0,
          0.22993048,
          0.59056926,
          0.70536613,
          1
        ]
      },
      {
        "date" : 763325047.97285,
        "title" : "Untitled",
        "transform" : [
          0.97683847,
          -5.9869425e-09,
          -0.21397759,
          0,
          -0.10296783,
          0.87660617,
          -0.47006312,
          0,
          0.18757407,
          0.48120844,
          0.85630274,
          0,
          0.19627622,
          0.59056926,
          0.71273816,
          1
        ]
      }
    ],
    "61A7FA42-C29D-4B9E-9A5C-7E857895FAA7" : [
      {
        "date" : 752498230.70831,
        "title" : "Untitled",
        "transform" : [
          0.9822548,
          3.3943124e-09,
          -0.18755138,
          0,
          -0.09223509,
          0.87071633,
          -0.48305887,
          0,
          0.16330406,
          0.49178565,
          0.8552653,
          0,
          0.41230258,
          1.2792184,
          2.1593347,
          1
        ]
      }
    ],
    "696DFAAD-0C25-4B8C-AF62-DF9E974496AF" : [
      {
        "date" : 763928515.45757,
        "title" : "Untitled",
        "transform" : [
          0.92287946,
          4.812586e-09,
          -0.38508892,
          0,
          -0.11588078,
          0.9536495,
          -0.27771246,
          0,
          0.36723992,
          0.3009196,
          0.88010365,
          0,
          0.2618361,
          0.18249533,
          0.35337746,
          1
        ]
      },
      {
        "date" : 763927489.118532,
        "title" : "Untitled",
        "transform" : [
          0.94224155,
          4.8068696e-09,
          -0.33493403,
          0,
          -0.10379993,
          0.9507654,
          -0.29201153,
          0,
          0.31844375,
          0.3099116,
          0.8958507,
          0,
          0.24188253,
          0.18651898,
          0.3652969,
          1
        ]
      },
      {
        "date" : 763927481.041399,
        "title" : "Untitled",
        "transform" : [
          0.9898361,
          1.2893077e-08,
          0.14221314,
          0,
          -0.049924314,
          0.93635577,
          0.34748462,
          0,
          -0.13316207,
          -0.3510527,
          0.9268387,
          0,
          0.12729795,
          0.008421708,
          0.4448353,
          1
        ]
      },
      {
        "date" : 763927477.141409,
        "title" : "Untitled",
        "transform" : [
          0.99005336,
          1.4684462e-08,
          0.14069279,
          0,
          -0.016580855,
          0.9930313,
          0.11667918,
          0,
          -0.13971232,
          -0.11785141,
          0.98315394,
          0,
          0.13691868,
          0.07057372,
          0.3855126,
          1
        ]
      },
      {
        "date" : 763927471.291893,
        "title" : "Untitled",
        "transform" : [
          0.9900534,
          1.4339511e-08,
          0.14069279,
          0,
          -0.016580744,
          0.99303126,
          0.11667919,
          0,
          -0.1397123,
          -0.11785148,
          0.9831538,
          0,
          -0.13972817,
          0.03139712,
          1.9244045,
          1
        ]
      },
      {
        "date" : 763927462.118026,
        "title" : "Untitled",
        "transform" : [
          0.9999477,
          5.568935e-09,
          -0.010214231,
          0,
          -0.0062109437,
          0.7938781,
          -0.60804516,
          0,
          0.008108874,
          0.6080768,
          0.7938367,
          0,
          0.11899252,
          1.2773088,
          1.5229925,
          1
        ]
      },
      {
        "date" : 763927452.296177,
        "title" : "Untitled",
        "transform" : [
          0.9645424,
          5.5349165e-09,
          -0.26392773,
          0,
          -0.21809445,
          0.5631688,
          -0.79704183,
          0,
          0.14863592,
          0.82634175,
          0.5432004,
          0,
          0.34259313,
          1.6450171,
          1.0065614,
          1
        ]
      },
      {
        "date" : 763927220.641478,
        "title" : "Untitled",
        "transform" : [
          0.96422446,
          -7.5203275e-09,
          -0.2650868,
          0,
          -0.080745965,
          0.95247966,
          -0.29370496,
          0,
          0.25248986,
          0.3046021,
          0.9184043,
          0,
          0.5274412,
          0.75949806,
          1.6746658,
          1
        ]
      },
      {
        "date" : 763927189.752045,
        "title" : "Untitled",
        "transform" : [
          0.99997926,
          -1.7744684e-08,
          -0.0064415964,
          0,
          -0.006437654,
          0.034899354,
          -0.99937016,
          0,
          0.00022488883,
          0.99939084,
          0.034898754,
          0,
          0.11177367,
          1.7479476,
          0.00699839,
          1
        ]
      },
      {
        "date" : 763927073.650238,
        "title" : "Untitled",
        "transform" : [
          0.98906326,
          -1.7652338e-08,
          0.14749281,
          0,
          0.020297354,
          0.9904857,
          -0.13611057,
          0,
          -0.14608945,
          0.13761555,
          0.97965294,
          0,
          -0.13377583,
          0.2683627,
          1.5492624,
          1
        ]
      }
    ],
    "778FA43A-6A2D-424F-B03A-A6861C0B3F6C" : [
      {
        "date" : 759760523.86899,
        "title" : "Untitled",
        "transform" : [
          1,
          0,
          0,
          0,
          0,
          1,
          0,
          0,
          0,
          0,
          1,
          0,
          -1.4901161e-08,
          0.3025,
          1.2136164,
          1
        ]
      },
      {
        "date" : 759760521.911363,
        "title" : "Untitled",
        "transform" : [
          1,
          0,
          0,
          0,
          0,
          1,
          0,
          0,
          0,
          0,
          1,
          0,
          -0.17995025,
          0.5173724,
          2.0782702,
          1
        ]
      },
      {
        "date" : 759760375.644741,
        "title" : "Untitled",
        "transform" : [
          0.19449632,
          -2.8016167e-10,
          -0.98090327,
          0,
          -0.25852472,
          0.96464366,
          -0.051261082,
          0,
          0.94622195,
          0.2635577,
          0.18761988,
          0,
          0.7113715,
          0.59927475,
          0.31026816,
          1
        ]
      },
      {
        "date" : 759760368.84917,
        "title" : "Untitled",
        "transform" : [
          -0.6169425,
          -2.5110372e-09,
          -0.7870082,
          0,
          0.018379617,
          0.9997273,
          -0.014408019,
          0,
          0.7867937,
          -0.02335391,
          -0.61677396,
          0,
          1.1483164,
          0.33920768,
          -0.5578039,
          1
        ]
      },
      {
        "date" : 759760365.050231,
        "title" : "Untitled",
        "transform" : [
          0.4686774,
          -4.396213e-09,
          -0.88336945,
          0,
          -0.024165902,
          0.9996258,
          -0.012821445,
          0,
          0.8830387,
          0.027356453,
          0.46850216,
          0,
          0.621603,
          0.39039108,
          0.5929705,
          1
        ]
      },
      {
        "date" : 759760343.078437,
        "title" : "Untitled",
        "transform" : [
          -0.18366551,
          2.2229854e-09,
          -0.98298883,
          0,
          -0.2245913,
          0.9735491,
          0.041963466,
          0,
          0.9569879,
          0.2284779,
          -0.17880723,
          0,
          1.0521518,
          0.59123194,
          0.0010362928,
          1
        ]
      },
      {
        "date" : 759760340.737502,
        "title" : "Untitled",
        "transform" : [
          -0.1673156,
          2.8481983e-09,
          -0.9859034,
          0,
          -0.16361788,
          0.9861329,
          0.027767185,
          0,
          0.97223186,
          0.16595724,
          -0.16499524,
          0,
          1.0870713,
          0.5241163,
          0.0125556635,
          1
        ]
      },
      {
        "date" : 759760338.525466,
        "title" : "Untitled",
        "transform" : [
          -0.40160337,
          2.8688847e-09,
          -0.91581374,
          0,
          -0.14450563,
          0.9874728,
          0.06336866,
          0,
          0.9043413,
          0.15778925,
          -0.39657226,
          0,
          1.0615529,
          0.5152448,
          -0.25339276,
          1
        ]
      },
      {
        "date" : 759760324.232894,
        "title" : "Untitled",
        "transform" : [
          0.98573184,
          -3.2733688e-10,
          -0.16832337,
          0,
          -0.066169016,
          0.91949284,
          -0.38749787,
          0,
          0.15477203,
          0.3931068,
          0.9063734,
          0,
          -0.03722618,
          0.7608613,
          0.93610036,
          1
        ]
      },
      {
        "date" : 759759597.311781,
        "title" : "Untitled",
        "transform" : [
          0.9447611,
          -4.4527315e-10,
          -0.3277599,
          0,
          -0.19719367,
          0.798767,
          -0.5684067,
          0,
          0.2618037,
          0.6016407,
          0.75464386,
          0,
          0.07200046,
          0.966707,
          0.8002377,
          1
        ]
      }
    ],
    "7CCDFE09-BCF8-4A48-99D6-A1740674C1D0" : [
      {
        "date" : 755822852.296031,
        "title" : "Untitled",
        "transform" : [
          0.9993717,
          -1.788361e-10,
          0.035442773,
          0,
          0.011007467,
          0.9505505,
          -0.310375,
          0,
          -0.03369012,
          0.3105702,
          0.94995326,
          0,
          -0.048555803,
          1.3822674,
          1.906775,
          1
        ]
      },
      {
        "date" : 755822838.531648,
        "title" : "Untitled",
        "transform" : [
          0.99997777,
          -3.410983e-10,
          -0.0066663213,
          0,
          -0.0041358043,
          0.7842834,
          -0.6203889,
          0,
          0.0052283076,
          0.6204028,
          0.784266,
          0,
          0.027794674,
          1.9570242,
          1.3107611,
          1
        ]
      },
      {
        "date" : 755822835.413188,
        "title" : "Untitled",
        "transform" : [
          0.9999779,
          -3.4109832e-10,
          -0.0066663222,
          0,
          -0.0041358043,
          0.7842834,
          -0.6203889,
          0,
          0.0052283076,
          0.6204028,
          0.784266,
          0,
          0.07452257,
          1.46839,
          1.6969895,
          1
        ]
      },
      {
        "date" : 755822827.879116,
        "title" : "Untitled",
        "transform" : [
          0.9895956,
          -3.6618308e-10,
          -0.14387746,
          0,
          -0.054817148,
          0.9245756,
          -0.37703478,
          0,
          0.1330256,
          0.38099888,
          0.91495585,
          0,
          0.3554291,
          0.9454041,
          2.0053372,
          1
        ]
      },
      {
        "date" : 755820970.670183,
        "title" : "Untitled",
        "transform" : [
          1,
          0,
          0,
          0,
          0,
          0.7071069,
          -0.70710677,
          0,
          0,
          0.70710677,
          0.7071069,
          0,
          0.005657196,
          1.8688024,
          1.7887782,
          1
        ]
      }
    ],
    "86267924-5EE8-41B2-A8EC-94F3C25DD567" : [
      {
        "date" : 758115100.911969,
        "title" : "Untitled",
        "transform" : [
          0.99815255,
          2.0231994e-08,
          0.060757313,
          0,
          0.0311786,
          0.8582891,
          -0.5122184,
          0,
          -0.052147396,
          0.5131664,
          0.85670346,
          0,
          0.52217716,
          2.695587,
          2.502421,
          1
        ]
      },
      {
        "date" : 758115097.219562,
        "title" : "Untitled",
        "transform" : [
          0.613845,
          2.1555966e-08,
          -0.7894266,
          0,
          -0.058931645,
          0.9972097,
          -0.04582424,
          0,
          0.7872239,
          0.07465119,
          0.6121322,
          0,
          3.1067023,
          1.3064339,
          1.562882,
          1
        ]
      },
      {
        "date" : 758115090.03821,
        "title" : "Untitled",
        "transform" : [
          0.6138449,
          1.4380014e-08,
          -0.7894267,
          0,
          -0.05893162,
          0.9972097,
          -0.04582428,
          0,
          0.787224,
          0.07465117,
          0.61213213,
          0,
          0.8627261,
          0.10266366,
          -0.18818742,
          1
        ]
      },
      {
        "date" : 758115085.077901,
        "title" : "Untitled",
        "transform" : [
          0.8484822,
          2.9087879e-08,
          -0.52922404,
          0,
          -0.5289017,
          0.03489957,
          -0.8479653,
          0,
          0.018469695,
          0.99939084,
          0.029611655,
          0,
          0.7654446,
          3.5353692,
          0.16994369,
          1
        ]
      }
    ],
    "8C9AB247-99A8-4A91-B3B3-76F51BA0FBA3" : [
      {
        "date" : 764534978.694589,
        "title" : "Untitled",
        "transform" : [
          0.9921562,
          9.146051e-09,
          0.12500438,
          0,
          0.034445897,
          0.9612846,
          -0.27339616,
          0,
          -0.12016479,
          0.2755576,
          0.9537445,
          0,
          0.21739694,
          0.17489573,
          0.31055564,
          1
        ]
      },
      {
        "date" : 764534932.263492,
        "title" : "Untitled",
        "transform" : [
          0.9921562,
          1.0180631e-08,
          0.1250044,
          0,
          0.0344459,
          0.9612846,
          -0.27339616,
          0,
          -0.1201648,
          0.2755576,
          0.9537445,
          0,
          -0.0318178,
          0.17224565,
          0.30203933,
          1
        ]
      },
      {
        "date" : 764534124.530935,
        "title" : "Untitled",
        "transform" : [
          0.99215615,
          1.2772048e-08,
          0.1250044,
          0,
          0.03444587,
          0.96128464,
          -0.27339616,
          0,
          -0.120164834,
          0.27555752,
          0.9537445,
          0,
          0.12412963,
          0.27243963,
          0.9129111,
          1
        ]
      },
      {
        "date" : 764533572.906193,
        "title" : "Untitled",
        "transform" : [
          0.9999933,
          6.2142314e-09,
          0.003646544,
          0,
          0.0029618933,
          0.5833,
          -0.8122515,
          0,
          -0.0021270749,
          0.8122568,
          0.58329606,
          0,
          0.23511538,
          0.7872996,
          0.59235996,
          1
        ]
      },
      {
        "date" : 764533534.65488,
        "title" : "Untitled",
        "transform" : [
          0.99999344,
          6.2142322e-09,
          0.0036465444,
          0,
          0.0029618933,
          0.5833,
          -0.8122515,
          0,
          -0.002127075,
          0.81225693,
          0.5832961,
          0,
          0.2881815,
          1.0272593,
          0.2584023,
          1
        ]
      },
      {
        "date" : 764533511.101135,
        "title" : "Untitled",
        "transform" : [
          0.9999813,
          6.0788348e-09,
          0.006117134,
          0,
          -0.0005933468,
          0.9952853,
          0.09698919,
          0,
          -0.0060883337,
          -0.09699103,
          0.9952667,
          0,
          0.28275868,
          0.28038225,
          1.0410856,
          1
        ]
      },
      {
        "date" : 764533500.147593,
        "title" : "Untitled",
        "transform" : [
          0.7540833,
          6.0058314e-09,
          -0.65677875,
          0,
          -0.1187598,
          0.9835159,
          -0.1363545,
          0,
          0.64595234,
          0.18082157,
          0.74165297,
          0,
          1.0768323,
          0.66381526,
          0.4056625,
          1
        ]
      },
      {
        "date" : 764533479.309736,
        "title" : "Untitled",
        "transform" : [
          0.99388915,
          -4.197673e-09,
          -0.11038266,
          0,
          0.023912469,
          0.97625315,
          0.21530887,
          0,
          0.10776136,
          -0.21663274,
          0.9702875,
          0,
          0.44919062,
          0.106154576,
          1.016927,
          1
        ]
      },
      {
        "date" : 764533466.235207,
        "title" : "Untitled",
        "transform" : [
          0.9974877,
          -2.8956897e-09,
          0.070839636,
          0,
          -0.0038388409,
          0.9985306,
          0.054054108,
          0,
          -0.070735626,
          -0.054190315,
          0.9960221,
          0,
          0.32960376,
          0.21556848,
          1.066521,
          1
        ]
      },
      {
        "date" : 764533457.891051,
        "title" : "Untitled",
        "transform" : [
          0.98506856,
          -2.9490677e-09,
          -0.17216255,
          0,
          -0.0006637376,
          0.99999255,
          -0.0037975945,
          0,
          0.1721612,
          0.003855098,
          0.9850613,
          0,
          0.48193532,
          0.2532438,
          0.95522213,
          1
        ]
      }
    ],
    "8D6C6740-C961-4F60-8D1A-50E5627793EC" : [
      {
        "date" : 756489784.884936,
        "title" : "Untitled",
        "transform" : [
          0.5855075,
          2.6063607e-09,
          -0.810667,
          0,
          -0.6302119,
          0.6290076,
          -0.4551731,
          0,
          0.5099156,
          0.7773992,
          0.36828867,
          0,
          1.3187948,
          2.0105877,
          0.9525049,
          1
        ]
      }
    ],
    "96ADE60A-91E0-421B-B07E-724131EAECB0" : [
      {
        "date" : 762459451.881123,
        "title" : "Untitled",
        "transform" : [
          0.8540622,
          -7.0392314e-09,
          -0.52017105,
          0,
          -0.22463006,
          0.90195066,
          -0.36881742,
          0,
          0.46916854,
          0.4318392,
          0.7703219,
          0,
          0.036937788,
          0.31673953,
          1.227016,
          1
        ]
      },
      {
        "date" : 762459441.81108,
        "title" : "Untitled",
        "transform" : [
          0.95689493,
          -4.217439e-09,
          -0.29043433,
          0,
          -0.1641687,
          0.82491773,
          -0.5408875,
          0,
          0.23958439,
          0.56525284,
          0.7893596,
          0,
          -0.2620532,
          0.45811865,
          1.122753,
          1
        ]
      },
      {
        "date" : 762459418.944455,
        "title" : "Untitled",
        "transform" : [
          0.95987344,
          -4.9936695e-09,
          0.28043336,
          0,
          0.12868881,
          0.88849187,
          -0.44047862,
          0,
          -0.24916276,
          0.4588925,
          0.8528397,
          0,
          -0.57804525,
          0.16602407,
          0.42250508,
          1
        ]
      },
      {
        "date" : 762459407.944799,
        "title" : "Untitled",
        "transform" : [
          0.9697103,
          -1.94858e-09,
          -0.24425763,
          0,
          -0.15558282,
          0.770895,
          -0.6176689,
          0,
          0.18829693,
          0.63696235,
          0.74754477,
          0,
          -0.18941632,
          0.1506255,
          0.13895702,
          1
        ]
      },
      {
        "date" : 762459403.144813,
        "title" : "Untitled",
        "transform" : [
          0.99435055,
          1.970586e-09,
          -0.10614573,
          0,
          -0.015836935,
          0.98880696,
          -0.14835772,
          0,
          0.104957595,
          0.14920071,
          0.98322076,
          0,
          -0.19322795,
          0.021108061,
          0.0322946,
          1
        ]
      },
      {
        "date" : 762459396.007185,
        "title" : "Untitled",
        "transform" : [
          0.99947387,
          1.9797872e-09,
          0.032436956,
          0,
          0.0034646979,
          0.9942794,
          -0.10675482,
          0,
          -0.032251436,
          0.10681113,
          0.9937561,
          0,
          -0.2155881,
          0.014321209,
          0.02337569,
          1
        ]
      },
      {
        "date" : 762459391.925609,
        "title" : "Untitled",
        "transform" : [
          0.81298554,
          8.8461904e-10,
          0.582284,
          0,
          0.5756561,
          0.15045165,
          -0.80373156,
          0,
          -0.08760555,
          0.98861736,
          0.1223149,
          0,
          -0.21430627,
          0.15660949,
          -0.14735457,
          1
        ]
      },
      {
        "date" : 762459387.457335,
        "title" : "Untitled",
        "transform" : [
          0.9999631,
          2.5960116e-09,
          0.00858901,
          0,
          0.008582926,
          0.037642796,
          -0.99925447,
          0,
          -0.0003233384,
          0.9992913,
          0.037641358,
          0,
          -0.19964136,
          0.15842511,
          -0.16119938,
          1
        ]
      },
      {
        "date" : 762459385.503186,
        "title" : "Untitled",
        "transform" : [
          0.97659373,
          2.2852822e-09,
          0.21509248,
          0,
          0.15890753,
          0.673939,
          -0.7214948,
          0,
          -0.14495921,
          0.73878706,
          0.6581645,
          0,
          -0.2227671,
          0.116420925,
          -0.0628736,
          1
        ]
      },
      {
        "date" : 762459356.824122,
        "title" : "Untitled",
        "transform" : [
          0.9765937,
          2.2143956e-09,
          0.21509247,
          0,
          0.15890753,
          0.673939,
          -0.72149473,
          0,
          -0.14495912,
          0.7387871,
          0.6581645,
          0,
          -0.006068349,
          0.6450686,
          0.64962673,
          1
        ]
      }
    ],
    "97EA406E-347D-4FB5-9DD3-8B7FF5700EC0" : [
      {
        "date" : 764614718.887738,
        "title" : "Untitled",
        "transform" : [
          0.9983315,
          3.647172e-08,
          0.05774362,
          0,
          0.023796314,
          0.9111371,
          -0.4114159,
          0,
          -0.052612368,
          0.4121035,
          0.9096168,
          0,
          -0.048085883,
          0.4794017,
          0.96740055,
          1
        ]
      },
      {
        "date" : 764614531.666333,
        "title" : "Untitled",
        "transform" : [
          0.9983315,
          3.5889485e-08,
          0.05774362,
          0,
          0.023796298,
          0.9111371,
          -0.4114159,
          0,
          -0.052612234,
          0.41210344,
          0.9096167,
          0,
          -0.1703117,
          0.25232106,
          0.7320208,
          1
        ]
      },
      {
        "date" : 764614454.535318,
        "title" : "Untitled",
        "transform" : [
          0.9976951,
          3.585155e-08,
          0.06785645,
          0,
          0.023436673,
          0.93846035,
          -0.34459075,
          0,
          -0.06368048,
          0.3453868,
          0.9362973,
          0,
          -0.17894548,
          0.19823913,
          0.7482715,
          1
        ]
      },
      {
        "date" : 764614284.930269,
        "title" : "Untitled",
        "transform" : [
          0.9960754,
          3.652868e-08,
          0.08850914,
          0,
          0.038894825,
          0.89826953,
          -0.4377201,
          0,
          -0.07950496,
          0.43944472,
          0.8947442,
          0,
          -0.18917096,
          0.27533224,
          0.74691457,
          1
        ]
      },
      {
        "date" : 764614278.528964,
        "title" : "Untitled",
        "transform" : [
          0.992003,
          3.1509117e-08,
          0.12621492,
          0,
          0.031631637,
          0.9680862,
          -0.2486134,
          0,
          -0.12218682,
          0.25061762,
          0.9603443,
          0,
          -0.22197226,
          0.124725156,
          0.7877433,
          1
        ]
      },
      {
        "date" : 764614264.448552,
        "title" : "Untitled",
        "transform" : [
          0.9134199,
