{
  "advancedEditorSelectedIdentifier" : "ProjectBrowser",
  "openSceneRelativePaths" : [
    "GestureLabs.usda",
    "SpatialTapLab.usda",
    "HandTrackingLabs.usda",
    "SpatialEventLab.usda",
    "BuildingBlocks\/StepDome.usda"
  ],
  "recentIdentifiers" : {
    "4EA577E8-CF08-4F6B-8090-61CB20667042" : [

    ],
    "61A7FA42-C29D-4B9E-9A5C-7E857895FAA7" : [

    ],
    "7CCDFE09-BCF8-4A48-99D6-A1740674C1D0" : [

    ],
    "A72E7856-797B-4E44-AAE6-A7A3C948CBC4" : [

    ],
    "CB436AE6-DE73-445D-83B2-F22373E6F73A" : [

    ]
  },
  "sceneCameraHistory" : {
    "4EA577E8-CF08-4F6B-8090-61CB20667042" : [
      {
        "date" : 751842275.490995,
        "title" : "Untitled",
        "transform" : [
          0.99996895,
          -0.00043677675,
          -0.007867536,
          0,
          -0.0036516206,
          0.8590868,
          -0.51181674,
          0,
          0.0069824457,
          0.5118296,
          0.85905856,
          0,
          0,
          0.8320426,
          1.4370507,
          1
        ]
      },
      {
        "date" : 751841169.375382,
        "title" : "Untitled",
        "transform" : [
          0.99999994,
          0,
          -0,
          0,
          -0,
          0.8590841,
          -0.51183426,
          0,
          0,
          0.51183426,
          0.8590841,
          0,
          0,
          0.8320426,
          1.4370507,
          1
        ]
      }
    ],
    "61A7FA42-C29D-4B9E-9A5C-7E857895FAA7" : [
      {
        "date" : 752498230.70831,
        "title" : "Untitled",
        "transform" : [
          0.9822548,
          3.3943124e-09,
          -0.18755138,
          0,
          -0.09223509,
          0.87071633,
          -0.48305887,
          0,
          0.16330406,
          0.49178565,
          0.8552653,
          0,
          0.41230258,
          1.2792184,
          2.1593347,
          1
        ]
      }
    ],
    "7CCDFE09-BCF8-4A48-99D6-A1740674C1D0" : [
      {
        "date" : 755822852.296031,
        "title" : "Untitled",
        "transform" : [
          0.9993717,
          -1.788361e-10,
          0.035442773,
          0,
          0.011007467,
          0.9505505,
          -0.310375,
          0,
          -0.03369012,
          0.3105702,
          0.94995326,
          0,
          -0.048555803,
          1.3822674,
          1.906775,
          1
        ]
      },
      {
        "date" : 755822838.531648,
        "title" : "Untitled",
        "transform" : [
          0.99997777,
          -3.410983e-10,
          -0.0066663213,
          0,
          -0.0041358043,
          0.7842834,
          -0.6203889,
          0,
          0.0052283076,
          0.6204028,
          0.784266,
          0,
          0.027794674,
          1.9570242,
          1.3107611,
          1
        ]
      },
      {
        "date" : 755822835.413188,
        "title" : "Untitled",
        "transform" : [
          0.9999779,
          -3.4109832e-10,
          -0.0066663222,
          0,
          -0.0041358043,
          0.7842834,
          -0.6203889,
          0,
          0.0052283076,
          0.6204028,
          0.784266,
          0,
          0.07452257,
          1.46839,
          1.6969895,
          1
        ]
      },
      {
        "date" : 755822827.879116,
        "title" : "Untitled",
        "transform" : [
          0.9895956,
          -3.6618308e-10,
          -0.14387746,
          0,
          -0.054817148,
          0.9245756,
          -0.37703478,
          0,
          0.1330256,
          0.38099888,
          0.91495585,
          0,
          0.3554291,
          0.9454041,
          2.0053372,
          1
        ]
      },
      {
        "date" : 755820970.670183,
        "title" : "Untitled",
        "transform" : [
          1,
          0,
          0,
          0,
          0,
          0.7071069,
          -0.70710677,
          0,
          0,
          0.70710677,
          0.7071069,
          0,
          0.005657196,
          1.8688024,
          1.7887782,
          1
        ]
      }
    ],
    "8D6C6740-C961-4F60-8D1A-50E5627793EC" : [
      {
        "date" : 756489784.884936,
        "title" : "Untitled",
        "transform" : [
          0.5855075,
          2.6063607e-09,
          -0.810667,
          0,
          -0.6302119,
          0.6290076,
          -0.4551731,
          0,
          0.5099156,
          0.7773992,
          0.36828867,
          0,
          1.3187948,
          2.0105877,
          0.9525049,
          1
        ]
      }
    ],
    "A72E7856-797B-4E44-AAE6-A7A3C948CBC4" : [
      {
        "date" : 756473105.299508,
        "title" : "Untitled",
        "transform" : [
          0.8879402,
          9.047828e-10,
          -0.45995876,
          0,
          -0.20058969,
          0.8998965,
          -0.38723367,
          0,
          0.4139154,
          0.43610346,
          0.7990544,
          0,
          0.9666218,
          1.723726,
          1.2052052,
          1
        ]
      },
      {
        "date" : 756472827.319521,
        "title" : "Untitled",
        "transform" : [
          0.99705255,
          -3.3715422e-09,
          -0.07672132,
          0,
          -0.050898936,
          0.748243,
          -0.66146934,
          0,
          0.05740626,
          0.66342485,
          0.7460376,
          0,
          0.2819993,
          2.1788626,
          1.2015122,
          1
        ]
      },
      {
        "date" : 756472819.487177,
        "title" : "Untitled",
        "transform" : [
          0.93224895,
          4.632379e-10,
          -0.36181754,
          0,
          -0.33708963,
          0.36334106,
          -0.8685354,
          0,
          0.13146321,
          0.93165624,
          0.33872426,
          0,
          0.38479364,
          2.5651083,
          0.5980738,
          1
        ]
      },
      {
        "date" : 756471508.625328,
        "title" : "Untitled",
        "transform" : [
          0.9469181,
          5.5557864e-10,
          -0.32147497,
          0,
          -0.28166872,
          0.48199123,
          -0.82966685,
          0,
          0.15494816,
          0.8761761,
          0.45640618,
          0,
          0.42072013,
          2.4639797,
          0.7936573,
          1
        ]
      },
      {
        "date" : 756220896.648973,
        "title" : "Untitled",
        "transform" : [
          0.9469182,
          5.555787e-10,
          -0.321475,
          0,
          -0.28166875,
          0.4819913,
          -0.829667,
          0,
          0.15494816,
          0.8761761,
          0.45640618,
          0,
          0.40074232,
          2.2660542,
          1.1804032,
          1
        ]
      },
      {
        "date" : 756086147.182436,
        "title" : "Untitled",
        "transform" : [
          0.8597079,
          -7.8085327e-10,
          -0.5107861,
          0,
          -0.4076247,
          0.6026125,
          -0.68607605,
          0,
          0.30780607,
          0.798034,
          0.5180706,
          0,
          0.7960788,
          2.0639553,
          1.339886,
          1
        ]
      },
      {
        "date" : 756086144.831975,
        "title" : "Untitled",
        "transform" : [
          0.8588591,
          3.3719116e-10,
          -0.512212,
          0,
          -0.4138974,
          0.5891019,
          -0.69400865,
          0,
          0.301745,
          0.80805874,
          0.5059555,
          0,
          0.78040314,
          2.0898824,
          1.3085527,
          1
        ]
      },
      {
        "date" : 755526959.928274,
        "title" : "Untitled",
        "transform" : [
          0.96374184,
          2.834799e-11,
          -0.26683635,
          0,
          -0.19573197,
          0.6796592,
          -0.7069317,
          0,
          0.18135777,
          0.7335281,
          0.655016,
          0,
          0.4690456,
          1.8971236,
          1.6940677,
          1
        ]
      }
    ],
    "CB436AE6-DE73-445D-83B2-F22373E6F73A" : [
      {
        "date" : 750717728.462959,
        "title" : "Untitled",
        "transform" : [
          0.9465038,
          7.82445e-09,
          -0.32269254,
          0,
          -0.12737851,
          0.9187944,
          -0.37361953,
          0,
          0.29648814,
          0.39473644,
          0.86964244,
          0,
          0.28029978,
          0.37404668,
          0.7075135,
          1
        ]
      },
      {
        "date" : 750717444.413219,
        "title" : "Untitled",
        "transform" : [
          0.9465038,
          7.82445e-09,
          -0.32269254,
          0,
          -0.12737851,
          0.9187944,
          -0.37361953,
          0,
          0.29648814,
          0.39473644,
          0.86964244,
          0,
          0.25422537,
          0.37061012,
          0.71796304,
          1
        ]
      },
      {
        "date" : 750715724.239927,
        "title" : "Untitled",
        "transform" : [
          0.9465038,
          7.82445e-09,
          -0.32269254,
          0,
          -0.12737851,
          0.9187944,
          -0.37361953,
          0,
          0.29648814,
          0.39473644,
          0.86964244,
          0,
          0.20536423,
          0.4124151,
          0.7156458,
          1
        ]
      },
      {
        "date" : 750713283.444223,
        "title" : "Untitled",
        "transform" : [
          0.9465038,
          7.82445e-09,
          -0.32269254,
          0,
          -0.12737851,
          0.9187944,
          -0.37361953,
          0,
          0.29648814,
          0.39473644,
          0.86964244,
          0,
          0.07065679,
          0.31538343,
          0.805615,
          1
        ]
      },
      {
        "date" : 750713281.529585,
        "title" : "Untitled",
        "transform" : [
          0.95260006,
          -2.2708786e-09,
          -0.30422556,
          0,
          -0.05851005,
          0.98133135,
          -0.1832084,
          0,
          0.2985461,
          0.1923246,
          0.93481636,
          0,
          0.0698923,
          0.14284804,
          0.8535393,
          1
        ]
      },
      {
        "date" : 750713278.820163,
        "title" : "Untitled",
        "transform" : [
          0.993386,
          2.0496789e-09,
          -0.11482344,
          0,
          -0.018722419,
          0.98661715,
          -0.16197552,
          0,
          0.11328678,
          0.16305397,
          0.98009163,
          0,
          0.0698923,
          0.14284804,
          0.8535393,
          1
        ]
      },
      {
        "date" : 750713273.39461,
        "title" : "Untitled",
        "transform" : [
          0.993386,
          -1.7047059e-09,
          -0.11482345,
          0,
          -0.018722406,
          0.9866171,
          -0.16197544,
          0,
          0.11328678,
          0.16305397,
          0.98009163,
          0,
          0.10353742,
          0.20204496,
          0.83980167,
          1
        ]
      },
      {
        "date" : 750713269.794083,
        "title" : "Untitled",
        "transform" : [
          0.993386,
          -1.7047059e-09,
          -0.11482345,
          0,
          -0.018722406,
          0.9866171,
          -0.16197544,
          0,
          0.11328678,
          0.16305397,
          0.98009163,
          0,
          0.11218888,
          0.19863349,
          0.8393692,
          1
        ]
      },
      {
        "date" : 750713266.362512,
        "title" : "Untitled",
        "transform" : [
          0.993386,
          -1.7047059e-09,
          -0.11482345,
          0,
          -0.018722406,
          0.9866171,
          -0.16197544,
          0,
          0.11328678,
          0.16305397,
          0.98009163,
          0,
          0.116813965,
          0.16162223,
          0.8449919,
          1
        ]
      },
      {
        "date" : 750713261.363484,
        "title" : "Untitled",
        "transform" : [
          0.993386,
          -1.7047059e-09,
          -0.11482345,
          0,
          -0.018722406,
          0.9866171,
          -0.16197544,
          0,
          0.11328678,
          0.16305397,
          0.98009163,
          0,
          0.09831167,
          0.14115494,
          0.8505356,
          1
        ]
      }
    ]
  },
  "sceneViewportBackgroundColors" : {

  },
  "selectedSceneRelativePath" : "BuildingBlocks\/StepDome.usda"
}